Id_pol	NB_Claim	AMT_Claim
212433	1	1137,079102
124370	1	3170,102051
208357	1	3753,909668
141403	1	16,03637695
173366	1	41774,71289
207020	1	1837,470154
214687	1	1446,97879
211874	1	468,9136505
148689	1	6432,810059
202968	1	10939,72266
123128	1	440,8319549
178495	1	2881,264709
134492	1	1536,144836
156801	1	0
180702	1	722,2666626
191242	1	2705,681396
163584	1	288,882843
219446	1	1613,20166
216762	1	1095,602142
192019	1	1413,096863
150838	1	1942,063477
138224	1	6935,242676
188224	1	0
191459	1	2146,259033
159236	1	2991,17102
128955	1	1949,370484
180313	1	13,38585663
170960	2	5456,55542
195681	1	3152,625733
140741	1	28482,4043
124260	1	551,0539856
134657	1	1847,318848
196193	1	1733,233887
194581	1	236,1652679
184828	1	2117,511475
156797	1	675,5767823
126345	1	1555,995484
137185	1	489,3040924
159415	1	1716,410522
123752	2	13973,39648
167433	1	6658,708008
205027	1	1734,093384
141459	1	296,7201233
219101	1	119,767273
144237	1	12413,91211
167759	1	11280,24463
124702	1	1153,687226
154979	1	1783,028504
180779	1	1691,875488
205323	1	722,7124328
199252	1	2146,215088
212302	1	397,3635864
175447	1	27255,12598
185356	1	5843,914307
197147	1	4546,76477
181957	1	2095,920593
211527	1	660,1470337
209647	1	1502,424316
153096	1	2457,168274
123144	1	806,0956417
185835	1	1322,832367
147404	1	3677,105713
151245	1	497,6496734
213115	1	0
175552	1	2252,952759
145099	1	3682,497803
144539	1	524,5771179
197298	1	3256,223511
141868	1	644,2636414
181990	1	1458,044953
159242	1	1817,03064
178897	1	191,8321381
121253	1	279,9525146
172986	1	8125,813478
196803	1	4867,448731
163150	1	1700,848755
121748	1	0
131899	1	4443,518189
150962	1	4288,672485
118093	1	ANN
218368	1	866,711334
153945	1	976,9703978
213164	1	14955,21679
132319	2	33692,90039
129381	1	3125,766358
218968	1	3665,353271
221064	1	5958,12085
137333	1	2029,235596
130822	1	1614,038086
152864	1	0
181191	1	495,1501465
175937	1	558,0854187
138090	1	1393,751221
152735	1	343,5140076
205673	1	1346,5979
183570	1	1362,231446
124135	1	6,784973144
169863	1	2540,51532
200141	1	3981,669067
140518	1	2745,10492
161988	1	1507,304078
176492	1	3235,788574
202524	1	215,4264221
165235	1	1174,292999
206804	1	5926,297852
163911	1	3512,614746
145779	1	7620,788085
152772	1	11369,11963
189225	1	834,2229307
193820	1	35,68176269
151383	1	1260,501251
207770	1	3227,372314
133716	1	4998,517823
121651	1	7931,545897
130093	2	23484,60352
156625	1	0
178918	1	356,8157959
140276	1	9268,57764
167887	1	8423,695313
151924	1	3282,731689
126115	1	279,9525146
131332	1	2947,706177
152273	1	7305,845215
215582	1	59,86232758
219049	1	477,3110047
207501	1	2102,079163
170000	1	491,7731324
215147	1	3278,837036
136494	1	6239,625
142492	1	5844,689209
182064	1	1571,259155
161255	1	1050,64508
162046	1	3054,316406
131093	1	521,8764953
121171	1	24794,36426
216110	1	0
206485	1	1837,455506
193803	1	798,101532
146628	1	1584,483032
219026	1	2981,213745
110491	1	ANN
195848	1	2854,930298
129122	1	4494,271729
121089	2	1567,220032
209313	1	69,24918365
209179	1	1848,537232
122976	1	491,6523285
177684	1	299,6315918
170622	1	1897,055786
153350	1	5470,903931
179657	1	0
135238	1	44,1477356
215793	1	1461,363556
162199	1	1083,259735
187699	1	689,4150238
135313	1	1640,176391
202920	1	299,8249512
137954	1	422,4097138
202348	1	0
126563	1	1272,248016
128336	1	6001,154663
122252	1	2311,481141
153026	1	2939,660156
139960	1	4018,142212
202626	1	261,1151047
182900	1	9751,239255
138156	1	385,0898895
159218	1	2914,485718
180166	1	2213,008484
176631	1	861,1585695
165196	1	0
194311	1	3773,197266
124677	1	181,5238037
146950	2	8450,458005
121537	1	200,0099945
141324	1	1374,407318
176981	1	8158,989255
148278	1	1362,182099
177744	NB_CLAIM:1	2017,659119
204536	1	4814,157349
208938	1	10215,08496
186586	1	3490,059082
142229	1	3652,460816
155185	1	221,1981812
202268	1	3345,895752
126340	1	486,6747437
206575	1	2465,128235
158637	1	3320,4646
212917	1	3831,48999
180814	1	1336,120514
183913	1	3849,175048
165968	1	18870,59327
189921	1	729,5814515
132028	1	1046,106629
211063	1	31941,78516
137312	1	3560,121827
218142	1	1682,598816
142026	1	1228,199158
191604	1	3408,331421
155600	2	1627,190552
147493	1	11485,40332
151586	1	5740,903564
181721	1	1013,525207
122623	1	406,2545471
129865	1	1756,174438
191035	1	578,3704834
126645	1	0
197921	1	5110,905762
166544	1	1070,499573
129429	1	1370,637268
131241	1	24221,06396
130669	1	3135,185303
185906	1	4175,234253
135295	1	917,6050418
202008	1	11956,09131
216367	1	563,1424256
213172	1	3445,631836
127038	1	456,0270996
180394	1	1830,1875
147682	1	216,576004
215079	1	0
143927	2	8297,32617
171712	1	1569,206543
186108	1	771
219543	1	23096,40235
130653	1	0
147829	1	3718,731934
215695	1	2921,363525
155031	1	2894,079163
152064	1	266,2278443
152564	1	2048,72168
124284	1	285,4376221
161040	1	3355,606202
197082	1	2683,34436
133170	1	12753,00879
194603	1	10534,73144
154760	1	159,2248993
205574	1	19814,89454
123947	1	254,4367676
213883	1	73,40345765
152953	1	1459,758911
195661	1	5584,213989
165041	1	484,7193604
170328	1	11212,03858
112027	1	ANN
170890	1	237,1914596
136346	1	640,2039642
206772	1	811,0980833
146754	1	0
207322	1	0
178114	1	115,616272
203245	1	4346,638916
215814	2	1246,076294
152976	1	1234,146331
163838	1	3260,077881
176286	1	18101,57227
196568	1	0
185072	1	173,4678955
169156	1	1703,655762
138737	1	1770,212402
165807	1	4809,379761
166492	1	13498,78418
219966	1	1110,557007
176444	1	0
181853	1	4722,226684
166601	1	5076,469849
139964	1	1732,494141
220348	1	714,8593598
191471	1	4592,54187
157974	1	103,2109909
139504	1	606,741806
134039	1	650,2783356
157841	1	279,9525146
167101	1	1885,129578
209098	1	404,6019287
188357	1	1789,415405
173633	1	988,4167785
198433	1	2331,145203
143853	1	911,3629763
201249	1	3175,216553
145985	1	569,6191406
180811	1	0
150972	1	5940,234375
128076	1	2304,780945
166858	1	533,2998505
149937	1	3236,887939
165574	1	0
137178	1	0
192927	1	491,4538422
193970	1	0
206698	1	23522,86817
172413	1	416,4535675
178485	1	11942,36865
165413	1	0
154427	1	13767,25196
138003	1	1878,985474
172585	1	1083,014648
121670	1	648,914978
158536	1	2803,313599
127903	1	5170,145508
133518	1	6811,625977
143593	1	93,66562268
211488	1	996,8320313
136143	1	632,8110809
131727	1	1238,083831
209306	1	1067,503052
144701	1	981,0249023
208865	1	2014,140747
164800	1	513,3879089
140852	1	1011,622742
141897	1	2817,553711
174288	1	0
135457	1	4584,947754
196991	1	3375,981445
197869	1	129,8001595
210666	1	0
188642	1	738,8014526
185277	1	77,14920045
192112	1	1090,562622
140000	1	339,063446
153695	1	2200,332092
194909	1	17,39907074
154776	1	7145,167969
122107	1	961,5890805
204833	NB_CLAIM:1	580,1625824
216970	1	0
159081	1	1397,803528
146218	1	116,0688629
135155	1	5019,012452
180748	1	0
189362	1	2201,163391
151226	1	1504,725128
198885	1	9727,84863
203470	1	2558,169434
219512	1	0
150128	1	3666,988037
218477	1	2236,560425
174926	2	3461,086303
123900	1	3259,109985
144520	1	1146,611481
178824	1	1043,906067
195755	1	1199,138123
190476	1	9,811523438
200546	1	2742,924134
125611	1	1228,324952
196773	1	1712,501953
149997	1	4056,838623
163228	1	1780,661499
129571	1	9433,494143
135592	1	3841,236695
210595	1	70,16194153
180564	1	4305,377564
214709	1	2300,310608
173152	1	9621,45996
187588	1	2022,283081
141083	1	1304,526672
201125	1	613,6608581
145867	1	4117,470703
182213	1	279,9525146
216252	1	18123,60498
217103	1	3789,443482
121827	1	0
202880	1	5015,948731
174292	1	4546,524536
185132	2	544,3354797
124924	1	0
214229	2	5604,314942
192882	1	50982,31055
129704	1	843,0951233
179172	1	1669,541748
207349	1	3594,866089
114088	1	ANN
207113	1	11695,01806
144023	1	1693,495972
140940	1	4349,446655
197568	1	3919,725586
171597	1	0
143112	1	2693,967407
124453	1	542,372818
181711	1	736,980011
205745	1	319,6759186
146428	1	0
144142	1	368,6191406
185280	1	820,244202
212957	1	750,4336853
147931	1	4798,798462
187773	1	12335,31592
203038	1	3114,735718
111124	1	ANN
218808	1	4193,076416
142454	1	12,64041138
199254	1	10167,22119
207403	1	0
134731	1	6603,370606
177307	1	709,1846924
219426	1	2906,762879
210461	NB_CLAIM:1	271,3895874
144233	2	6346,858887
197336	1	0
148770	1	506,8574982
196310	1	1274,49353
192714	1	423,8908081
127628	1	1735,03418
138627	1	1702,892212
172985	1	636,6654053
153220	1	4384,433716
159908	1	2860,389038
154330	1	332,3601608
166547	1	4172,941772
166644	1	3500,079346
188753	1	477,3110047
142955	1	5525,666016
155320	1	734,3795471
124331	1	0
161800	1	0
134097	2	5358,744873
204301	1	4430,699707
219703	1	3561,636109
221017	1	2317,845337
220313	1	4355,890503
125658	1	1848,735901
186794	1	0
158411	1	0
197457	1	1405,823181
218095	1	2633,626099
150254	1	854,89032
217331	1	3576,573853
170112	2	9099,9624
165352	1	7388,358398
197381	1	434,1615601
157093	1	1912,022828
138041	1	0
138548	1	495,5789795
127042	1	1238,434021
126674	1	2883,617066
176485	1	3828,311279
171262	1	5063,704102
173917	1	6,940200806
159497	1	835,3055423
138308	1	3871,509888
196890	1	577,7661438
202943	1	1501,286316
205094	1	1833,460328
198150	1	1074,819397
215203	1	0
135745	1	2346,23242
195741	1	0
186969	1	661,2180176
166638	1	848,3028263
171242	1	2423,881897
204577	1	314,2812653
214129	1	4401,499512
133792	1	1112,780182
197769	1	4536,553711
215843	1	0
169509	1	1248,957092
126035	1	2998,155029
155973	1	1242,232178
192041	1	10119,53173
183676	1	2,285522461
199974	1	0
149973	1	8922,458498
123427	1	5329,241699
199275	1	624,5873108
187100	1	1106,99936
150343	1	2509,673218
184344	1	6541,803223
214307	1	2981,882264
208614	1	234,2584763
197759	1	172,9050293
162538	1	921,3023985
130484	1	2401,33136
166474	1	666,3928985
122138	1	1530,615326
151352	1	725,8960877
163255	1	1339,471985
136130	1	2479,031983
140005	1	3386,465332
162685	1	3744,009888
148086	1	5202,78772
200695	1	1880,040893
171443	1	2580,6828
199463	1	3849,342041
133077	1	12704,62207
220246	1	169,1277122
192955	1	31695,69141
136486	1	852,0073245
210709	1	1980,078003
121794	1	10998,5874
213436	1	2473,542481
162282	1	6206,90918
163727	1	1452,965423
168231	1	1213,028687
148310	1	3761,125855
136393	1	13881,89648
145636	1	2149,088379
139818	1	1556,946167
158760	1	2698,121155
132196	1	454,412384
162763	1	4103,211548
155910	1	18380,00244
196980	1	8373,62988
197894	1	1890,964966
177033	1	513,2966309
153637	1	9104,603025
167826	1	2249,843994
148946	1	59,87750244
161616	1	764,2796633
122609	1	318,3728027
148377	1	3540,911133
197424	1	801,7569577
104904	1	ANN
130750	1	3802,503296
133155	1	5703,132203
198647	1	7582,940918
173401	1	504,0882569
153918	1	811,0188908
167802	1	1180,267639
126631	1	0
182096	1	2117,715638
183713	1	0
178722	1	1257,911316
146620	1	416,467804
180366	1	6854,956055
140885	1	4205,697143
144716	1	25911,40137
161340	1	827,135193
176810	1	972,578613
152180	1	14901,48047
168080	1	1654,956665
150221	1	131,3858528
208668	1	0
134812	1	4096,624878
161390	1	1278,7565
142926	1	111,168869
201285	1	2398,181579
128981	1	0
124120	1	0
218994	1	18559,28027
217248	1	372,9056396
198444	1	5849,865601
160114	1	7782,404295
132343	1	1867,335389
192034	1	1,162765503
189287	1	2706,305969
150504	1	9356,459475
213404	1	0
189888	1	20042,63819
209032	1	1964,44336
134867	1	0
125262	1	3131,359863
168807	1	2148,561401
198078	1	513,5922089
176947	1	16548,59766
146960	1	1538,274902
188963	1	2012,133911
139146	1	196,8960113
189654	1	2371,842041
205188	1	2209,223511
155822	1	552,7466126
198290	1	3979,779785
181634	2	3737,306763
127122	1	0
169328	2	14503,80908
123829	1	33,50038147
196990	1	2944,493042
140208	1	318,2485199
141432	1	2396,251831
142906	1	1781,64148
169448	1	6662,967773
143397	1	749,4262848
207151	1	3491,544799
147809	1	413,7027283
185104	1	6496,444336
208687	1	268,8365479
137870	1	777,7640993
167629	1	882,359619
208504	1	92,65721513
154769	1	0
137068	1	4268,315918
131735	2	34818,95508
134634	1	3673,366333
145481	1	7866,057128
204991	1	14055,13916
196397	1	588,2264099
218297	1	5688,145752
157383	1	10407,01611
142383	1	19310,46094
129194	1	2725,192566
169118	1	377,645462
149885	1	764,6139217
181322	1	5222,846924
205714	1	1386,10492
164572	1	0
181213	1	2695,962707
130234	1	2753,682312
124996	1	829,4702453
185970	1	4061,489868
182933	1	5901,428101
139803	2	2970,701843
154404	1	2755,673401
160961	1	509,8764038
174156	1	7130,622071
151973	1	20103,33692
145429	1	2446,377869
140686	1	2781,242066
135743	2	667,6448822
173085	1	3509,385498
140194	1	1139,405915
143578	1	1344,663574
199693	1	574,3102112
151135	1	10538,28223
196847	2	3095,278931
126927	1	7464,014648
128491	1	0
164864	1	4438,121338
127828	1	12456,51269
214017	1	3142,092041
195796	1	1967,671692
180757	1	0
188528	1	475,0324402
208617	1	3266,388428
180977	1	0
180106	1	0
171567	1	0
134236	1	542,3602295
125224	1	0
146984	1	5383,025024
128368	1	613,7504883
146946	2	2180,433838
131077	1	287,2680359
215594	1	1921,455506
201236	1	863,3443905
220064	1	0
123995	1	1776,047608
145856	1	1236,645905
161994	1	13258,66846
149298	1	324,7150268
215879	1	4858,724121
124886	1	279,9525146
180142	1	1643,022949
171987	1	834,6729128
156925	1	1340,344849
202306	1	10257,99317
137429	1	1623,632447
207864	1	5772,052368
195127	1	477,9828644
192843	1	0
172096	1	11018,76416
192660	1	597,2677002
183030	2	4179,080201
151879	1	565,9151001
219006	1	574,6070252
169847	1	0
147335	1	538,521698
201845	1	2844,831665
134073	1	4969,289795
160748	1	1092,792297
200093	1	0
159278	1	84,61294553
108319	1	ANN
169108	1	0
205338	1	2135,325257
217373	1	1819,718445
156260	1	2211,472961
202154	1	3629,16211
139479	1	188,7692414
189525	1	1033,616821
208315	1	2662,010376
176823	1	563,492157
123326	1	0
201196	1	716,6315918
176364	NB_CLAIM:2	1110,655884
134407	1	9998,611815
194518	2	8898,97998
148677	1	3380,215942
196775	1	519,4767151
135191	1	4762,817871
198730	1	2754,275574
158430	1	2930,575562
201974	1	885,820953
193588	1	0
148319	1	3837,091919
131507	1	517,8015289
126270	1	8376,659183
135268	1	4772,828613
194724	NB_CLAIM:1	530,9190674
206552	1	656,1681518
189093	1	0
159567	1	384,1355438
161341	1	1357,167664
165014	1	394,6839295
128938	1	2089,773011
129154	1	4389,523316
148234	1	1185,380676
161618	1	0
208158	1	4651,654541
187033	1	2588,302368
132349	1	363,9182282
141914	1	9669,944828
161991	1	1405,917206
180923	1	608,4276123
124563	1	3209,375977
207357	1	355,7539673
173879	1	1833,50647
145750	1	103,5513611
131501	1	1922,874573
150682	1	1825,048462
179637	1	0
126264	1	3194,080811
160649	1	4908,884399
197540	1	6107,360596
161297	1	7285,861816
179697	1	0
212678	1	1304,71756
155018	1	1424,786865
214393	1	164,1803284
159153	1	5649,485962
218796	1	115,4016495
131029	1	958,2423705
148781	1	1231,698486
192895	1	1368,669159
216352	1	283,5451355
122096	1	566,1147766
149721	1	87,84143828
144751	1	520,7064515
220983	1	2035,56665
175715	1	1446,295715
121647	1	1230,343323
127411	2	8903,714355
148348	1	4813,85083
153092	1	1213,752411
140562	1	3976,784546
138552	1	1915,439392
143549	1	1055,921265
195398	1	1039,742615
146417	1	6007,742432
130684	1	1953,890259
146847	1	1065,389831
171500	1	1365,235565
148034	1	2092,327881
164279	1	1005,472595
133326	1	2893,569214
151339	1	0
205666	1	224,270874
185130	1	3065,842346
191584	1	3230,267579
167020	1	3007,461914
155282	1	0
125050	1	414,2775422
204017	1	8870,666018
170733	1	2060,307129
144297	1	298,1020661
133108	1	2281,300232
144094	1	834,0607913
136227	1	8053,833982
220237	1	1320,096863
209248	1	918,857208
131559	1	325,8119202
161455	1	4247,05188
136851	1	818,1232913
196355	1	2853,65918
215246	1	727,4277649
179616	1	0
155919	1	1893,947754
132950	1	4401,367309
208067	1	2777,298523
144773	1	1745,668396
145981	1	2815,586975
131967	2	639,6231995
161307	1	0
143376	1	1497,443573
193900	NB_CLAIM:1	487,7477417
144868	3	2703,179993
174982	1	3137,883545
172607	1	2430,295898
154732	1	1960,92572
191775	1	1142,30484
147865	1	54,23876954
202278	1	5439,803101
157676	1	747,8460388
132045	1	1469,645508
180800	1	0
140015	1	3248,05957
215350	1	337,8386536
161119	1	1513,269104
201745	1	303,0518646
213801	1	256,7027435
206614	1	326,1659546
203525	1	2907,944092
203274	1	44634,36329
122256	1	756,0037538
162285	1	797,8748475
135272	1	314,4060974
169538	1	4882,619751
150516	1	2080,491944
183333	1	248,030365
162709	1	989,818176
181145	1	1463,196167
214141	1	5551,953003
129248	1	496,0390778
172728	1	1692,773438
217973	1	2057,672241
121267	1	2121,257813
188981	1	2934,993713
143389	1	2154,893555
142153	1	3350,859375
205790	1	2156,235718
134315	1	0
182528	1	1838,257508
175234	1	1538,035766
168553	1	2147,657776
189809	1	2434,28064
147411	1	1164,423889
130839	1	140,1464539
128715	1	0
185005	1	1210,405334
199276	1	762,2807925
167196	1	1693,582031
212038	1	1881,845581
217904	NB_CLAIM:2	7807,694828
167419	1	14191,62598
137646	1	0
214099	1	695,5870056
206012	1	2106,445495
170175	1	1199,262359
202108	1	747,1335755
139912	1	2136,424988
128496	1	6662,008301
189238	1	1155,345704
214732	1	1717,210144
160087	1	933,7161255
173314	1	3788,147461
158185	2	3233,255493
169749	1	2030,32782
136961	1	7680,190433
155124	1	979,6631468
204569	1	0
175372	1	0
121690	1	1173,550293
211127	1	2944,259949
142059	2	9119,247068
212164	1	10020,81446
178949	1	9269,188478
163420	1	4350,492553
200484	1	3020,980225
189209	1	3970,866578
125222	2	13797,3501
130286	1	3533,045288
158832	1	4054,320557
142947	1	3257,137207
135239	1	3947,220337
192142	1	0
181529	1	8208,30615
185363	1	1900,08728
209621	1	4684,447998
219200	1	1539,329224
185717	1	1653,317505
128600	1	7536,914063
127886	1	1495,067322
197151	1	821,869629
184830	1	510,4301606
217765	1	0
190163	1	0
161477	2	956,23233
193414	1	64,258667
127192	1	1920,719605
121956	1	2860,337768
220071	1	4120,511719
163368	1	516,4046631
180634	1	34602,70606
169553	2	8482,268558
136428	1	2218,657105
132007	1	10401,12598
168508	1	0
216165	1	888,2169803
190937	1	262,5096131
198448	1	2286,029297
131325	1	18854,6499
201335	1	2212,989807
183412	1	1672,976441
189837	1	1500,113159
203885	1	1837,431885
186510	1	4900,539917
190651	1	1260,186218
214388	1	0
215395	1	237,1679535
159657	1	5446,178101
148087	1	2738,027344
214465	1	528,7645569
147580	1	79,86009983
220982	1	1006,83197
162844	1	5508,80603
175155	1	3042,839722
193207	1	1377,944824
146245	1	2278,343262
145075	1	179,5357018
220821	1	3270,899414
142562	1	2599,551086
145343	1	530,3677368
182167	1	2700,779297
148683	1	1195,132782
198320	1	2601,20874
207666	1	10614,15235
214277	1	0
160383	1	2673,268799
198725	1	7837,889647
192071	1	4369,845703
169417	1	154,086731
125831	1	531,1967468
151870	1	2014,662781
146044	1	321,8574829
127635	1	575,551117
133288	1	3107,833008
211675	1	6759,960938
171271	2	2641,950074
160464	1	693,2472839
185391	1	2409,599121
179457	1	38,92327881
143247	1	9892,708005
161809	1	624,8205872
184979	1	2171,054993
165749	1	7214,333496
168740	1	2167,496155
139457	2	623,5088196
184596	1	0
218104	1	1610,820557
162027	1	2997,246277
157086	1	6379,712402
212406	2	737,9421387
202384	1	2771,306396
209971	1	3931,089478
136850	1	972,3638303
191475	1	3840,570923
177146	1	6207,653321
139669	1	0
207641	1	5294,179688
124024	1	346,1203079
174144	1	1257,154358
180847	3	2714,666565
129826	1	6193,82959
214047	1	6727,97461
152066	1	531,0465088
186798	1	3380,741822
192294	1	2089,440125
130429	1	501,9502259
192557	1	4741,555298
128445	1	558,2226563
144453	1	0
131681	1	1887,84906
145462	1	4102,997681
124811	1	4252,646851
133713	1	40008,38086
207171	1	3845,591309
175248	1	3215,374512
162766	1	997,7006835
194526	1	1851,381775
175286	1	37493,28223
135284	1	5814,629883
134465	1	1063,739411
137576	1	2656,457153
193970	1	1867,655029
126977	1	923,083374
220831	1	618,3839722
158438	1	1194,615967
181822	1	4565,252198
201094	1	2891,402161
203953	1	802,129761
168592	1	1475,087219
207589	1	1736,657227
169179	1	688,7995148
210069	1	4958,105347
184776	1	348,171936
194232	1	7970,712893
176195	1	3506,037598
193264	1	318,6124878
159843	1	3907,028687
211651	1	2871,52478
182780	1	18738,39258
164917	1	1062,237671
125635	1	526,9750672
183796	1	556,163269
141711	1	3116,588745
149266	1	3175,720459
188065	2	2906,956238
218683	1	6318,186767
147430	1	3787,948242
181370	1	2301,098144
208303	1	3157,75708
149348	1	976,0383908
132351	1	66,66229248
196228	2	1530,632996
175508	1	2455,527466
192540	1	837,3507383
206897	1	2012,109741
148745	1	706,3172608
136535	1	255,2121429
177457	1	1296,908478
188539	1	90,75970463
215044	1	598,6237335
202003	1	1272,89209
177035	1	25,57342529
217595	1	594,9512329
197615	1	1830,89209
122267	1	0
133245	1	4221,426636
159789	1	9044,97363
148982	1	1758,231445
138484	1	2542,708008
164660	1	1147,043335
134209	1	3685,721923
156905	1	0
133319	1	991,1002808
190597	1	6433,609863
213913	1	2509,104492
167443	1	1950,14978
191588	1	3007,431152
150351	1	3616,234131
146568	1	4312,562256
144864	1	95,53438568
147707	1	0
150116	1	529,6644287
206386	1	0
209583	1	1639,108703
216559	1	1884,910034
199433	1	1896,233642
149572	1	10968,44238
168728	1	458,5129394
135385	1	2361,743042
149246	1	3086,240479
156992	1	12905,74658
202200	1	3141,042481
196502	1	4327,506226
121305	1	1198,038208
208657	1	3366,375
193700	1	502,5826721
183564	1	934,8268433
210131	1	7623,326663
210677	1	1324,491852
152135	1	3064,477112
205034	1	22073,74658
177394	1	3633,607544
155080	1	537,4416047
155729	1	293,1610108
172819	1	537,5977478
128824	1	1114,373474
189993	1	320,609436
182945	1	0
168371	1	408,4777222
184579	1	1163,331207
146865	1	1989,387085
129595	1	13214,56202
153067	1	0
192214	1	6833,402344
169699	1	4361,247071
161678	1	1466,153321
136385	1	989,6259158
171202	1	6333,115723
136341	1	6799,738769
149197	1	3377,912476
107157	1	ANN
207872	1	2897,359497
199184	1	12661,92627
168896	1	270,3444214
161009	1	10931,88867
153159	1	0
141735	1	2103,296997
214158	NB_CLAIM:1	0
190507	1	618,9694519
177861	1	59,00262452
136803	1	2827,936157
215032	1	0
212081	1	3872,811035
148491	1	9383,214848
139828	1	311,4234009
125439	1	183,7171097
142682	1	451,5682068
202413	1	395,6365814
189038	1	6094,582397
177871	1	2507,704102
144371	1	3784,000122
220632	1	1764,479004
153647	1	688,3963623
174136	1	2834,383667
208768	1	1882,21344
130030	1	0
205444	1	5462,003174
144506	1	3729,855835
159768	1	148,0792236
156654	1	540,0302124
215515	1	16941,15235
191164	1	0
130508	1	102,6621322
209363	1	1529,050049
174934	1	0
197379	1	0
171929	1	3901,001953
213438	1	2613,876526
176464	1	1421,285248
211805	1	10656,47315
139583	1	1315,817047
220551	1	1566,450805
181301	1	1154,450501
111482	1	ANN
124299	1	1886,572632
205148	1	639,4959869
172207	1	1479,021698
148926	1	0
202809	1	4344,958008
137730	1	624,4869233
153964	1	1345,120331
180297	1	2671,313599
127125	1	1245,609192
178692	1	3258,478271
138514	1	2812,326233
199686	1	762,9092558
138220	1	2022,774536
145942	1	2700,710633
165088	1	690,3603516
156894	1	1594,387391
191593	1	0
210895	1	2351,762329
166664	1	2920,421997
188195	1	3101,754639
169829	1	0
210023	1	1511,300995
216293	1	1557,909851
213278	1	2379,307617
122840	1	4240,718994
109220	1	ANN
136412	1	5441,935547
193765	3	4268,202392
158408	1	1790,122559
122039	1	1603,732544
212133	1	2238,112793
203415	1	0
124697	1	4124,719483
216590	1	5969,515869
139377	1	4626,812988
125004	1	7131,678223
154989	1	1656,177796
130351	1	387,1412659
142768	1	1601,018555
162666	1	1761,15271
154427	1	0
183038	1	0
170597	1	0
210834	1	1058,640839
130648	1	3214,756348
182578	1	1242,222199
127323	1	1100,320404
204739	1	0
182883	1	1652,746216
176776	1	6043,78418
187317	1	76,3000488
192259	1	254,6775513
201864	1	1544,692016
144558	1	2503,728882
189481	1	1877,518616
179336	1	837,8422853
175895	1	534,9978332
210725	1	0
176418	1	3075,251221
211118	1	315,0597382
165573	1	1145,88858
191434	1	0
149734	1	4378,695191
197371	1	10937,98242
202819	1	352,149353
165638	1	4092,498047
158275	1	3979,582764
196616	1	793,4880983
123816	2	8271,590333
209866	1	1917,146851
198286	1	720,7088013
165583	1	658,5510864
132755	1	1366,678345
178691	1	1012,983398
128362	1	1026,674561
165628	1	21635,19434
175651	1	555,6716309
185291	1	1962,17633
176197	1	3942,411987
144992	1	4361,734497
215260	1	2233,714417
122277	2	8304,621098
176867	1	204,4533692
173574	1	1075,213074
183285	1	2297,988098
188165	1	1756,85083
170889	1	0
179671	1	1420,707641
219160	1	466,8093567
214695	1	1089,331055
164204	1	5316,896851
139096	1	11190,34277
182198	2	2148,472412
151338	1	9607,885253
176254	1	1363,358642
201097	1	706,173706
192769	1	2669,169434
200355	1	0
129626	1	0
191144	1	11905,77539
164747	1	2626,970398
172917	1	429,7875824
178766	1	474,6741028
145027	1	3640,625977
125735	1	5075,715454
173513	1	2262,152161
155459	1	0
162499	1	499,0641174
124515	1	1150,79123
182007	1	1006,820801
191864	1	50,6724701
141558	1	3943,364868
166937	1	2109,384338
203820	1	0
144464	1	589,2749634
174152	1	4341,204712
199443	2	14581,07227
208862	1	4343,298706
166438	1	427,9661408
175217	1	72,19143676
136535	1	0
193986	1	5988,912964
122632	1	266,5211792
165054	1	2240,952392
197504	1	2906,990479
152249	1	2797,421265
137158	1	1377,231995
183049	1	2578,365418
199073	1	3100,633667
155845	1	729,0184021
142219	1	3423,366211
213311	1	8339,585453
141653	1	1364,531433
141215	1	4461,731324
172014	1	0
187748	1	0
145031	1	61,32714844
137907	1	5276,740357
158639	1	5392,104126
167435	1	10710,23877
134913	1	5913,058594
188776	1	4593,130737
140983	1	0
197885	1	1095,789917
123214	1	0
208616	1	6213,19043
147651	1	2464,775024
184454	1	1675,212524
199521	1	2906,605042
160662	1	1946,122559
175906	1	882,1082152
146314	1	4647,159668
203359	1	3861,044678
152498	1	0
150845	1	3427,53186
129722	2	8369,12256
124158	1	3701,54773
160734	1	2283,886597
146266	1	535,5108948
191645	2	391,4814148
210807	1	224,1773072
153876	1	2394,943176
128551	2	387,9784699
189988	1	590,1773071
125401	1	6047,418091
165230	1	760,398102
145894	1	9535,718265
174599	1	0
175999	1	746,5227356
133551	3	3337,157227
208550	1	5526,964234
195389	1	0
155381	1	11156,68213
172488	1	1634,839783
173156	1	1274,356385
197975	1	33804,31934
134973	1	4209,719971
190197	1	2513,238281
126828	1	6143,291382
187977	1	0
127018	2	4056,697632
141722	1	1811,660339
155427	1	5505,5896
175362	1	1642,481324
135101	1	3792,888062
140219	1	3025,58313
127024	2	5416,078491
212991	1	1665,179443
156310	1	985,8858945
148438	1	0
148837	1	374,1614914
203162	1	193,1433106
138273	1	22118,60303
121867	1	7580,80371
214947	1	56,74074554
217628	1	2210,781738
166684	1	1449,82663
159528	NB_CLAIM:1	546,741211
170479	1	1453,892212
129676	2	634,2024994
187661	1	6364,513184
184816	1	1379,916504
201825	1	1149,766205
171900	1	2279,452515
218367	1	2897,977478
199026	1	453,911087
184398	1	5874,66687
193338	1	2539,24054
171847	1	2675,620422
200216	1	1517,860199
168048	1	1592,182617
210338	2	14594,66748
152477	1	2397,994629
194212	1	1935,532654
177771	1	3865,821167
158520	1	12450,43946
154908	1	392,8943482
217112	1	4591,725953
138967	1	444,0540161
191525	1	117,1552725
209060	1	1366,192841
159603	1	1313,111939
124188	2	560,3892517
163855	1	3617,178955
159971	1	2019,59729
189905	1	3427,82959
210074	1	4338,563599
124788	1	6795,760254
183683	1	2481,947754
190916	1	9192,663578
191666	1	1967,157715
123737	1	2182,628174
192693	1	715,7592773
169981	2	7979,825685
209166	1	0
192228	1	4883,271607
131695	1	4446,505005
159037	1	1792,81311
126723	1	1896,483581
197305	1	10854,92285
195568	1	338,5155029
209839	1	2873,560547
208910	1	1456,594666
188489	1	90,18312832
169811	1	1515,064911
209613	1	1943,002441
123932	1	918,1083068
172102	1	1711,264892
169796	1	6143,200561
121645	1	2710,623047
206808	2	5473,171142
124045	1	4347,749267
123227	1	5437,453858
206915	1	19,95895386
218803	1	0
193350	1	0
155872	1	8271,632813
165123	1	32318,90332
207674	1	2238,68042
202891	1	0
144440	1	5115,344605
161214	1	0
172911	1	3285,769043
163891	1	3433,355713
212579	1	0
136116	1	1277,795837
137665	1	681,7245484
220802	1	0
149725	1	6406,212158
161238	1	3404,116699
140244	1	2720,330201
188801	1	3771,001099
136660	1	2730,586304
165800	1	589,7017823
188833	1	382,0406799
216542	1	2684,196167
140173	1	1617,418579
199218	1	6326,898926
201087	1	2950,503113
183874	2	1668,255982
184811	1	1710,054932
136607	1	1503,370422
214144	1	94,61856083
167859	1	2493,365112
146442	1	0
160694	1	1248,909302
201721	1	1541,304932
137025	1	584,7876892
166105	1	1822,0177
192857	1	1715,7052
154879	2	6833,06836
130157	1	6004,443604
127012	1	4049,618042
169907	1	17797,23486
219046	1	1527,432404
164554	1	971,9653013
204285	1	41,23020172
142289	1	15848,29688
171077	1	1238,27005
197995	2	5307,980713
158711	1	3609,655884
136251	1	783,974487
127131	NB_CLAIM:1	4462,688233
207638	1	192,3579254
158575	1	3481,08728
191082	1	5588,214111
220208	1	533,9859924
183516	1	2896,001587
131638	1	211,4766998
142612	1	1607,132264
157713	1	3804,052002
206785	1	299,0213013
166287	1	1885,140564
124358	1	85,55905155
105333	1	ANN
200788	1	1747,887818
135423	1	566,1394501
136289	1	1818,706055
139752	1	3524,330567
192745	1	13598,15479
139429	1	2708,561828
220536	1	2168,973633
131216	1	0
154004	1	3264,178711
131504	1	7868,784668
171771	1	4152,062622
172916	1	5048,580323
176861	1	1377,264953
201029	1	2488,613708
155151	1	2469,875244
132394	1	358,927826
197917	1	7020,956543
134383	1	8026,60254
203844	1	93,78918458
205512	1	12624,03809
215481	1	1279,152374
206837	1	9324,375
138950	1	0
152078	1	1164,303863
208935	1	1625,644409
143105	1	4381,549073
192410	1	0
203925	1	0
173409	1	5436,994263
206711	1	2588,220704
155272	1	2239,756714
126976	1	169,0025483
193499	1	0
124391	1	1908,673096
156604	1	2102,653565
219068	1	1860,411438
152789	1	27963,58887
200919	1	1259,215943
159984	1	2417,761414
174747	1	1764,733154
219910	1	0
188471	1	1689,44751
220102	1	256,6618652
188230	1	0
122980	1	183,2687988
182736	1	2062,563355
123984	1	30,46188355
210435	1	3237,426269
122227	1	3381,402466
143301	1	3578,845459
203288	1	1130,540405
149586	1	935,9663085
156481	1	703,8016663
155977	1	202,8603974
145219	1	1281,913697
168279	1	4163,973999
141893	1	2438,420837
129377	1	994,0554203
127634	1	2455,218933
217715	1	12953,04785
196300	1	8100,105472
150092	1	1446,49411
170725	1	0
210546	1	5559,868652
113592	1	ANN
199858	2	851,3735963
121910	1	1976,255127
217157	1	1201,846802
160668	1	2343,274292
148547	1	2921,427979
209188	1	4583,719849
210341	1	323,684578
186478	1	1391,8396
176102	1	317,3913575
179437	1	2370,136963
132662	1	1035,425354
201654	1	1932,373169
195003	1	0
206168	1	11411,83008
131121	1	1057,809815
173090	1	1626,123047
170859	1	1117,436737
137705	1	0
177179	1	753,5870363
175440	1	2067,080017
162272	1	1032,710266
202636	1	1565,056641
159753	1	0
162019	1	13622,37598
151169	1	1451,262726
204709	1	6626,280762
154978	1	339,9737778
159637	1	0
170828	1	2016,602234
128589	1	3828,325195
158952	1	2572,499817
161171	1	2934,023255
164428	1	98,27848433
130900	1	3580,519409
157697	1	169,8711319
184640	1	1834,087829
177093	1	3407,639648
129608	1	1195,674316
155527	1	9530,32617
142819	1	987,1109618
201169	1	5154,687012
175220	1	1506,507386
123120	1	0
152738	2	8235,667973
175095	1	1582,082153
181677	1	9052,894043
189149	1	2533,859436
185821	1	3821,639282
205328	1	4534,951538
131886	1	7252,833985
133542	1	5174,407471
146229	1	1545,719238
185203	1	3151,68457
206267	1	1914,592529
144555	1	993,0815738
157793	1	2129,588379
189813	1	543,0715027
207750	1	872,4349365
148981	1	18063,54639
173566	1	8390,468265
167809	1	340,7282867
131831	2	824,9594422
218877	1	1837,848083
136617	1	887,463684
141510	1	262,2573853
166914	1	1562,15625
156965	1	2539,265808
216434	1	2661,072327
169245	1	6501,840821
141188	1	0
178474	1	5,045654297
149062	1	0
155369	1	445,3884888
192318	1	5658,645996
197227	1	800,8600155
207307	1	405,2316742
147751	1	4236,135864
139552	1	3748,453125
138342	1	0
202049	1	1291,088013
111905	1	ANN
220224	1	7375,82959
136293	1	113,8250198
162372	1	11602,85889
220019	1	11485,3711
216997	1	447,4542847
203386	1	2382,186951
153527	1	4466,668946
153838	1	626,0839234
124048	1	0
140586	1	314,5522156
168798	1	0
211563	1	2395,727417
163385	1	1758,094116
207238	1	0
167862	1	171,4077301
169106	1	705,7081604
122948	1	4097,964111
197588	1	3667,710938
162576	2	30120,13477
168874	2	1384,415039
151448	1	5245,432251
129436	1	732,3689576
201862	1	1794,95398
156207	1	514,9300232
125035	1	1178,368103
210132	1	722,8536072
152629	1	5790,44458
144772	1	5143,881958
204687	1	1577,275635
181741	1	1298,207703
130404	1	0
139559	1	1184,301086
166506	1	153,0754509
198151	1	1645,57544
164478	1	221,3693848
193961	1	3453,682984
162746	1	9276,216795
168010	1	1680,174134
132410	2	959,9902035
160226	1	0
181868	1	2414,071472
201876	2	7585,085453
132455	1	643,2215423
195431	1	7326,654785
141275	1	1505,161652
176554	1	7886,362793
159339	1	0
198790	2	8314,911623
135147	1	0
164998	1	1008,412537
160729	1	0
153722	2	13181,10791
188307	1	11732,35108
129068	1	1444,353424
159741	1	0
168822	1	834,2834475
205551	1	1881,742127
135047	1	1170,013825
203467	1	922,8519285
145904	1	4260,554809
189059	1	2676,087707
212288	1	110,7527618
165518	1	919,640076
151619	1	8246,83887
204512	1	90,60466005
129887	1	4135,688599
195723	1	48656,31152
135201	1	1037,160095
180712	1	4933,900268
211008	1	1774,145691
127284	1	7412,872559
212660	2	7803,851078
147218	1	43,73529053
198639	1	177,3685913
180532	1	1810,848816
188793	1	1164,693054
220007	1	1798,46045
135395	2	8448,990233
212375	1	1250,577759
181273	1	0
124272	1	1521,350555
175176	1	72,62493896
191403	1	0
155586	1	0
182913	1	409,0783081
203341	1	0
207905	1	1099,670471
167475	1	417,5787964
187579	1	7061,34961
143926	1	418,5285644
162821	1	440,6691284
201618	1	2410,881043
200139	1	617,3540039
169102	1	4641,77124
171617	1	1078,068237
142882	1	1449,382141
177626	1	392,1566162
164748	1	1144,991272
190115	1	1982,434937
103553	1	ANN
150306	1	3129,617432
200804	1	4981,443604
198945	1	44672,43164
190779	1	164,4332886
165698	1	11712,70898
156423	1	3984,592895
162387	1	2343,242615
154379	1	3518,251831
188130	1	559,9301147
154587	1	5157,384155
145999	1	18975,50391
213710	1	1540,375855
172888	1	258,256279
181484	1	2426,112854
175770	1	2249,699524
219002	1	4282,222778
207265	1	2449,067505
152213	1	2543,477417
209813	1	3635,344849
217941	1	919,5281985
156129	1	0
176329	1	1293,253418
161099	1	0
185235	1	2941,824463
174806	1	859,2050167
126045	1	1514,403626
192408	1	1514,94104
173415	1	16096,53223
208050	1	2099,43219
176891	1	1139,462494
158585	1	2134,252442
150578	1	183,8045883
201908	1	1310,082275
147932	1	2250,261658
129462	1	653,766037
134661	2	8448,71631
219835	1	2786,881348
166742	1	391,50244
158526	1	92,4474678
171505	1	271,8543091
172192	1	2654,124756
122317	1	10109,21045
136419	1	311,6384582
169752	1	7316,219238
192918	1	664,9578095
152774	1	1833,360718
143170	1	170,4157105
185452	NB_CLAIM:1	1245,971191
161025	1	2244,909668
170224	1	2814,863525
186025	1	3503,873657
132532	2	521,1752472
166439	1	231,921875
147258	1	6186,251953
185759	1	1650,841919
179367	1	0
178110	1	523,1983337
128534	1	136,0482788
150700	1	0
203435	1	733,6847077
151868	1	9469,226078
142994	1	2477,640381
205968	1	0
211607	1	1398,738647
137951	1	8624,581058
189066	1	6277,214356
184846	1	761,7988125
170239	1	986,4830933
176773	1	0
161799	1	3283,134521
130042	1	421,6403504
179544	1	0
132555	1	300,012085
149957	1	884,0128785
193179	1	6418,067871
166945	3	7307,220703
156650	1	1035,903077
173904	1	0
207396	1	353,32901
145437	1	317,4955216
133853	1	21601,7666
180784	1	520,8925781
147115	1	284,1421509
137136	1	0
177354	1	12767,54004
220607	1	418,4565125
141131	1	1031,267303
194439	1	3741,35852
207735	1	2286,872864
151997	1	138,75737
181804	2	14521,48389
108865	1	ANN
171326	1	2369,802429
159584	1	1750,992005
128819	1	375,7814942
134059	1	1802,621888
133645	1	2837,85205
186234	1	2372,363891
213456	3	7231,447266
142778	1	0
208400	1	274,2363739
188295	1	1576,064209
161133	1	2042,442627
206748	1	0
186414	1	10953,89648
205202	1	6026,974365
148255	1	1001,40802
157887	1	12646,68311
197719	1	2661,428101
220014	1	105,7811279
191223	2	6285,897949
144847	1	1474,065216
170149	1	979,5105285
213939	2	3690,190796
145612	1	14302,85303
146259	1	1736,27948
218190	1	278,3407288
123471	1	0
155373	1	82,21616363
127361	1	2079,275574
149341	1	4703,427612
154788	1	8136,101078
133695	1	8239,262693
135308	1	0
190213	1	0
211756	1	1654,309937
151470	1	0
190623	1	2426,26117
187552	1	286,3107605
124471	1	301,7893067
147274	1	2342,256409
144667	1	961,2593078
192885	1	1519,265991
186532	2	2445,141724
128133	1	1714,256104
128029	1	8065,43262
197812	1	143,3342743
201844	1	1622,77478
189519	1	380,4694519
189030	1	1040,966675
153906	1	5127,847046
150207	1	5221,336303
132135	1	2254,815857
190767	1	3621,369873
192308	1	7393,508789
118823	1	ANN
136734	1	5499,747436
196325	1	678,3403931
139541	1	1987,805054
154225	1	980,6236268
108475	1	ANN
182028	1	1499,60614
156524	1	204,674057
217432	1	2429,204407
219578	1	2434,957947
131254	1	308,1480103
127036	1	1787,432007
132247	1	15257,85498
196406	1	2721,905273
155098	1	2484,773255
179681	1	1352,501678
155789	1	1438,62497
219029	1	2633,648072
158846	1	859,261047
126143	1	0
196572	1	8053,88379
124091	1	454,2787171
194797	1	3622,630005
212025	1	2591,788514
151290	1	3592,993286
149661	1	8910,465818
173154	1	0
136477	1	946,9336853
205299	1	799,4164125
129641	1	2082,536316
184101	1	2464,892945
143123	2	794,4409793
146880	1	2476,267273
192400	1	51,33934021
176595	1	2107,820801
184363	1	811,1199645
154458	1	2408,740173
150459	1	4837,712402
126178	1	2653,70398
207460	1	0
183723	1	0
139200	1	724,4204407
128513	1	833,3507077
205606	1	2941,744629
209391	1	5171,800415
151106	2	9310,387208
216440	1	2061,114075
181507	1	486,6956177
211224	1	1126,470611
181754	NB_CLAIM:1	69,26637268
187299	1	0
148355	1	0
220283	1	344,7498779
216831	1	9361,280273
205749	1	5233,211426
182031	1	449,5804138
195555	1	0
211726	1	983,12796
147493	1	0
211945	1	6473,642578
182229	1	3167,075318
138530	1	8919,619628
151657	1	2314,397278
165944	1	397,9253082
194719	1	1807,197876
211786	1	279,9525146
188256	1	3152,20459
141609	1	1349,132355
189019	1	38,9614563
137104	1	5064,882568
126690	1	883,55484
153246	1	1904,510742
144143	1	5631,307251
199162	1	743,9995422
186611	1	8529,133297
146230	1	1360,227081
164667	1	0
167566	1	5029,016602
197903	1	2179,446716
202918	1	17162,64551
178763	1	1579,068421
147757	1	2400,025635
159498	1	1422,923859
144693	1	3288,300293
178689	1	2054,91742
138932	1	2356,690613
146206	1	0
156698	1	529,2385254
197880	1	1317,031494
163850	1	306,5964661
171733	1	169,1307678
203060	1	237,2639923
123427	1	0
147163	1	2613,168091
171496	1	14122,79297
203141	1	646,9272766
210020	1	2149,071899
207678	1	5752,177368
131092	2	1856,829895
203257	1	1528,547424
100210	1	ANN
180367	1	2700,577148
122919	1	5505,981079
200339	1	3556,916382
140826	1	5254,216186
193078	1	1729,830872
152926	1	7068,282715
170682	1	1964,703735
188895	1	3315,015015
124804	1	0
159119	1	0
131140	1	1486,338135
139986	1	165,0004578
184537	1	0
200685	1	1964,616578
177106	1	1444,647583
154075	1	1631,659423
167784	1	96,02124023
147857	1	2003,262452
133465	1	1000,057617
160397	1	655,6626892
125062	1	1955,35437
187633	1	0
134440	1	6298,695557
122828	1	0
172982	1	1720,94458
213899	1	3093,321899
122909	1	2240,930054
129234	1	9746,843265
181006	1	230,3696594
200827	1	1409,280945
153260	1	519,9139709
135121	1	1242,009613
152204	1	0
211207	1	4399,440673
213412	NB_CLAIM:1	2304,025085
162579	1	110,7911682
168171	2	10660,6875
215669	1	0
199951	1	2031,923401
164001	1	1731,67218
143290	1	2918,719299
187180	2	0
218166	1	1710,054932
175706	1	391,5384064
191512	1	579,9369507
167782	1	1827,63208
220795	1	5694,697632
185365	1	3075,724365
142869	1	4743,003296
137511	1	825,3381045
156393	1	2988,151795
173388	1	5486,74585
151693	1	7507,505373
132698	1	810,270996
141862	1	6044,037964
193462	1	0
137374	1	11128,98926
203803	1	1709,674988
193959	1	13,87003327
187238	1	823,9438478
136099	1	7322,76416
144791	1	6723,461426
153908	1	1206,293152
197502	1	742,2035981
208646	1	2318,832092
182864	1	411,9885407
181852	1	11104,3125
147035	1	834,5028075
220523	1	1792,39563
136372	1	1146,166443
182069	1	1400,651184
211343	1	0
172061	1	1941,054932
211364	1	4582,339966
214880	1	734,7289124
145692	2	1537,695191
151302	1	7221,382324
155344	1	2128,067139
205102	1	550,7684327
186859	1	758,0829165
175881	1	0
208467	1	274,2153397
206838	1	68,46766663
216390	1	1096,298035
207994	1	2516,836304
211550	1	451,6921235
150248	1	1975,096619
123718	1	0
179099	2	0
216753	1	6049,920776
214820	1	43,02667236
137716	1	36907,72852
211614	1	617,2695923
189242	1	5753,580323
154648	1	4405,387939
209658	1	2365,094788
106724	1	ANN
196642	1	3092,45398
199044	1	5365,802857
134940	1	0
203410	1	299,9832458
123075	1	388,2263947
207006	1	364,2859497
183902	1	16984,32129
149487	1	1311,034424
195105	1	2301,977417
149893	1	10654,72119
147953	1	9239,944335
151822	1	4409,041992
218761	1	2536,82666
165624	1	95,72328188
135043	1	11696,18408
154743	1	5585,982056
198785	1	3464,385498
193485	1	186,6231995
213969	1	8219,069828
206430	1	863,2459717
196110	1	2501,236817
170082	1	332,272934
160757	2	8051,478518
179158	1	2065,976807
213181	1	2280,174683
203269	1	4343,767456
158068	1	1644,25177
131373	1	865,398651
182898	1	936,16095
132101	1	732,0856018
172814	1	3862,022095
213331	1	31249,04883
146326	1	2039,903687
158542	1	3569,506348
133052	1	762,9687652
147780	1	3068,615112
183286	1	1122,185852
208063	1	4017,432861
161635	1	2744,940674
212906	1	324,9867325
130398	1	2297,974182
121707	1	17720,70704
193584	1	358,3020859
219083	1	3654,554444
170221	1	4881,116089
123011	1	0
122162	1	512,1338654
151790	1	61,48219299
193640	1	761,3291933
186107	1	1123,790771
139329	1	70,61846924
182066	1	3995,443726
173166	1	595,59375
180598	1	5694,247559
153263	1	1235,270141
159461	1	579,1603088
210555	1	470,8761292
174868	1	11953,36377
178259	1	4890,279419
172639	1	662,6680298
153471	1	283,4478149
184838	1	3567,533936
183276	1	3831,623657
163295	1	4142,555053
197824	1	4521,286011
167618	1	293,5901184
182600	1	386,7940064
166639	1	4686,822143
214492	1	3558,012452
171627	1	903,1968383
152227	1	16162,30079
153265	1	346,2073288
145547	1	275,5902786
159575	1	717,3052368
178936	1	774,9873045
121953	1	2093,794739
146412	1	8662,762208
160438	1	3959,777344
187280	1	16187,94287
126084	1	952,3357545
145929	2	4447,081421
148300	1	3521,959351
158652	NB_CLAIM:1	1636,383545
140042	1	530,820282
138968	1	3699,09668
181202	1	247,3971634
220181	1	589,7624817
201533	1	0
136294	1	2080,878662
157353	1	953,296692
140202	1	0
168825	1	7098,338379
177003	1	2706,721436
177242	1	4462,724854
191225	1	5254,108887
148902	1	526,3799744
214663	1	306,6296311
136723	1	3,733520508
202227	1	812,8752135
147788	1	1601,560547
163640	1	319,0701599
146722	1	2806,852844
213051	1	56,9046936
205521	1	1740,084229
196256	1	3874,775757
216195	1	4089,265137
180165	1	814,7649533
198440	1	679,5205994
159268	1	2116,616639
122508	1	2260,579102
121249	1	3813,464356
186410	1	2530,912354
122574	1	189,6824798
204752	1	559,3881683
215522	1	2138,60376
163324	2	4531,121338
173911	1	4153,128296
141188	1	214,0407713
169838	1	5257,297485
184151	1	1761,96405
173647	1	1198,35379
218286	1	2627,553772
162640	1	644,2811279
188993	1	0
147476	1	10564,54394
174753	1	1464,800446
174709	1	1367,41333
183496	1	4717,568482
148615	1	0
158768	1	1651,142029
209168	1	735,5645141
180291	1	634,4326172
202398	1	1277,112579
157690	1	1185,511047
144559	1	4921,583496
197240	1	3619,022461
194328	1	0
186225	1	797,3897093
197595	1	2309,685059
130222	1	860,395752
178535	1	2834,330384
207392	1	453,0035248
204137	1	2216,501221
203308	1	2288,744018
155454	1	0
149999	1	0
154128	1	0
184219	1	2036,722046
216593	1	0
135130	1	364,4352265
128371	1	280,3937073
147121	1	558,531189
139065	1	1157,670868
168666	1	4235,561279
138778	1	536,6378174
209558	1	2581,722656
175142	1	6901,025391
121268	1	3436,653077
176645	1	256,8169556
215397	1	948,4909973
182262	1	2369,842163
128619	1	1245,174316
146723	1	577,3629455
212368	1	3818,99707
217555	1	3830,76709
144770	1	1256,16687
178282	1	2628,880921
181185	1	11497,27881
176157	1	14228,6792
201823	1	0
198155	1	461,8643188
174066	1	1961,337707
158747	1	443,0765991
122770	1	200,7480469
135538	1	4533,613037
128472	1	0
178560	1	477,3110047
184917	1	1775,87732
200875	1	3892,260864
169621	1	1948,691711
216914	1	25495,55273
208670	1	1442,812683
176375	1	207,7093506
140832	1	4600,389404
172864	1	1350,375091
190670	1	617,5155029
134480	1	1474,337677
163236	1	1026,827637
215101	1	3425,423951
162498	1	1020,642517
212697	1	1049,891693
139873	1	7361,583985
211562	1	1417,358826
212654	1	1892,410217
179568	1	2832,399719
148041	1	496,0926819
156018	1	895,9385378
158810	1	0
162997	1	7074,903809
121858	1	7163,244141
142428	1	7142,088867
200753	1	279,9525146
215659	1	381,193634
187222	1	1165,761749
140281	1	2938,300232
138544	1	2825,077148
182751	1	1327,262146
145545	1	2683,864014
135745	1	0
136119	1	149,2950554
140962	1	3443,72937
176400	1	90,73498538
147068	1	1383,809327
201724	1	4388,806274
211414	1	707,1041565
160444	1	3368,332764
183321	1	1360,88031
147591	1	179,664917
181768	1	1193,306579
138164	1	2581,528931
135671	1	829,2256163
121221	1	7310,203125
198201	1	0
141377	1	2685,778199
182330	1	0
144048	1	279,9525146
186189	1	1276,373657
210782	1	825,8258055
174420	1	1582,445618
166935	1	5964,078003
188331	1	4432,762939
185368	1	2614,230652
151063	1	1144,890564
134124	1	903,3654788
206516	1	7310,247071
175887	1	438,3677673
186451	1	581,0985718
190821	1	3354,856934
178085	1	5061,797241
201542	1	6065,74585
187538	1	3470,580323
218301	1	2134,826111
159891	1	908,6943968
215064	1	4468,940918
128943	1	521,0173645
178293	1	518,269043
152357	1	2259,263489
156899	1	1378,185883
127262	1	6487,665527
186323	1	3891,989136
150353	1	3819,275024
139392	1	1246,545593
207125	1	15974,68213
211274	1	2233,838013
184910	1	1089,286469
149046	1	944,5536803
132146	1	5556,875977
209281	1	3989,639282
203939	1	1437,736359
160142	1	21687,31202
170636	1	320,5542297
144414	1	8032,976078
147040	1	0
191226	1	1537,105774
216894	1	319,2561035
172169	1	63,65835572
154926	1	4688,251099
170623	1	0
141253	1	3918,555908
142549	1	627,6830292
134734	1	259,3557129
163407	1	3888,499145
217678	1	168,4365235
178666	1	2396,799683
179622	1	0
151788	2	8339,66748
189759	1	341,7742767
142524	1	947,0250548
191776	1	1950,550964
137952	1	3024,332153
178065	1	3168,844483
165285	1	1138,547424
184631	1	0
128886	1	9874,104495
188746	2	3604,699952
204304	1	4252,284668
109865	1	ANN
206096	1	4219,332275
146494	1	176,1061936
213943	1	0
216420	2	7707,760253
187366	1	0
135415	1	3639,97229
143221	1	0
192093	1	118,5985108
211271	1	2691,055115
140672	1	612,2900391
189110	1	1018,142762
199302	1	447,4162903
190131	1	371,2762298
151265	1	645,1460266
152973	1	3948,938965
123763	1	3346,349854
212618	1	0
159386	1	2866,88031
212444	1	417,4771729
171456	1	940,4875485
130215	1	3105,886231
165494	1	0
174586	1	3642,395874
215721	1	13572,45704
218953	1	3731,171997
144898	1	472,9690247
147203	1	2965,24054
134216	1	3225,722168
150007	1	1001,94397
192072	1	1340,670776
186360	1	814,3556213
193453	1	250,8971558
162226	1	9963,79248
199774	1	1909,398011
150916	1	5265,73352
190824	1	1876,129211
144735	1	842,8731997
163398	1	795,39624
183186	1	4033,977539
123956	1	562,6906586
127222	1	3783,828003
214933	1	429,2849578
185840	1	0
142952	1	748,7454071
154657	2	1929,667603
137848	1	9985,727047
179223	1	561,620636
217029	1	1975,013489
192726	1	0
196298	1	255,4870148
132522	1	1360,787017
138874	1	8125,573245
184161	1	6071,069824
186349	1	1413,919464
173480	1	0
212100	1	4120,633667
132090	1	3620,789063
180861	1	1651,299316
163765	2	1032,473786
173514	1	786,0922853
121384	1	3418,949707
176567	2	3105,619995
213288	2	12836,18408
157693	1	2115,508118
174565	1	9299,065433
209140	1	666,1842956
154203	1	0
196236	1	1423,431794
195548	1	664,4374695
185956	1	427,5278321
157657	1	394,2475891
220946	1	655,4595795
123758	1	0
182873	1	663,7582397
183741	1	28640,92383
196342	1	1914,032959
177782	1	279,6233826
175013	1	2947,525268
126123	1	2478,680054
127726	1	3703,643555
171113	1	4276,066772
167955	1	743,4293976
172215	1	1244,322602
147982	1	0
179696	1	285,8944703
197107	1	3363,61853
217079	1	792,8711243
145277	1	2238,254516
136836	1	1499,68103
153750	1	5862,412354
121715	1	1108,447266
181126	1	195,0296402
160439	1	323,1576233
199565	1	3212,331665
220044	1	7875,117188
215768	1	2994,113342
175795	1	1200,274933
138186	1	2040,639038
165831	1	1195,581207
201549	1	2153,283142
218519	1	5605,529297
170708	1	3177,831298
169050	2	9076,549808
188636	1	1812,532105
152833	1	20384,81104
155655	1	0
194924	1	969,6817935
151251	1	1708,103577
143072	1	2574,048706
218500	1	4878,678589
190840	1	6019,614258
218886	1	1090,337952
140270	1	2122,805054
151672	1	1192,101563
194599	1	41,26112366
183817	1	12815,67188
213210	1	327,8413697
154877	1	0
159219	1	1100,537842
213098	1	2151,119202
173740	1	4702,590088
182851	1	844,4800418
197480	1	61,16262818
134555	1	1496,067993
203818	1	2140,252259
170618	1	623,2378235
199422	1	1180,647217
174368	1	1205,097107
131302	1	16376,6792
185888	1	8530,589355
150970	1	2834,061767
186996	1	1764,201416
152454	1	958,89093
176299	1	0
209094	1	803,2686765
160010	1	3563,947266
126546	1	1999,402954
145017	1	900,2199098
174477	1	952,6373288
149978	1	0
206900	1	2681,942688
144662	1	5026,21875
133502	2	5242,552735
128908	1	2826,529174
150093	1	959,7922665
164148	1	0
154987	1	285,6958466
192560	1	4329,070678
196483	1	448,8512879
136770	1	4659,213135
173770	1	3014,680847
167497	1	856,2326663
176319	1	653,7971192
174282	1	466,4139404
173137	1	0
218396	1	3804,777466
148334	1	2639,838135
154862	1	2387,400329
180952	1	835,1661075
181341	1	3992,31665
162959	1	2188,374939
163336	1	0
157605	1	1529,312622
191055	1	1160,027344
182516	1	610,3621216
128978	1	2976,407959
215168	1	469,2706146
124394	1	1545,077637
215060	1	0
159238	1	6346,097168
177163	1	3238,396729
192792	1	3614,081177
142943	1	279,9525146
137726	1	382,7120361
149372	1	3172,131226
145354	1	2650,097717
167838	1	6145,105957
128420	1	220,6442185
167625	1	593,3800049
147168	1	378,5353088
126311	1	2263,576538
131938	1	328,3072815
145108	1	537,6142273
130747	1	2152,333191
171111	1	470,1144104
147702	2	702,7081604
125666	1	7142,10791
129835	1	160,8231812
211085	1	435,7756805
213674	1	1670,491516
218029	1	561,0458679
210454	1	2911,558777
156329	1	0
215713	1	1672,677063
202381	1	3146,68982
195468	1	2466,599304
178122	1	939,2823488
141873	1	269,2100601
122810	1	2696,459839
166589	1	27538,8545
140243	1	2227,565186
161306	1	2563,54834
219573	1	461,1274109
158257	1	5401,029053
208254	1	307,5826721
155097	1	0
188203	1	7173,780762
172596	1	2866,006165
130500	1	2577,293518
156749	1	2197,197876
181696	1	1237,430695
128631	1	78,87693788
151170	1	23,76251221
200323	1	958,9910888
203576	1	445,4347229
219617	1	4952,362427
181789	1	1512,176147
147470	1	3152,223633
154194	1	20116,14209
143204	1	2126,163391
184115	1	278,2828674
130649	1	0
209109	1	4067,082275
123659	1	581,1491089
194426	1	28119,42773
145822	1	10226,15771
186712	1	469,5003662
210070	1	2809,98468
220895	1	8762,118165
187193	1	324,8519669
128675	1	761,9341733
167212	1	1808,049134
149987	1	2824,903748
192281	1	293,9534454
164433	1	1979,352173
168344	1	1137,404297
131769	1	4005,76355
174323	1	2418,047241
123332	1	6023,232056
136400	1	1829,038147
131041	1	5650,343262
173133	1	1120,43335
136891	1	2347,870239
197478	1	20089,73144
136184	1	2452,855957
200456	2	715,9812012
146767	1	1571,687073
184926	1	0
188289	2	2916,073609
193441	1	1201,69336
156939	1	2776,188721
188621	1	20139,70606
150456	1	545,6945801
167096	1	38,37000275
201123	1	9785,245605
122160	1	3083,317016
188207	1	8663,397953
158651	1	216,0081482
172317	1	5572,700684
180493	1	1223,723511
137607	1	7017,035156
157894	1	868,6212158
153800	1	12488,03467
151435	1	0
152329	1	1464,429749
209955	2	6359,34668
181292	1	1411,526367
211042	1	0
118249	1	ANN
151563	1	6777,407227
204287	1	19141,54981
124565	1	2627,476502
186664	1	779,8537905
157300	1	2694,701843
139770	1	0
186152	1	1056,403839
212882	2	3777,687378
202203	1	3208,632569
168903	2	2072,488769
155666	1	6392,726074
171706	1	1055,079071
181766	2	8129,342288
129922	1	5829,576782
179122	1	109,8186951
165426	1	2252,123474
219929	1	675,6612854
168460	1	156,1785278
202385	1	8713,434083
127374	1	3905,961914
129098	2	7118,626465
219276	1	3733,568115
160105	1	1195,748108
146667	1	5424,708252
189919	1	1977,312012
172543	1	1232,714722
125724	1	346,6305542
146271	1	1965,775635
209111	1	5035,853027
196663	1	9513,5874
156620	1	1125,177429
185896	1	688,3328247
122993	1	1935,569092
192742	1	965,4386903
188346	1	1181,242218
141498	1	1905,896301
197749	1	2803,97461
212437	1	688,4838867
126027	1	913,745361
204541	1	0
153349	1	7176,732422
207773	1	2048,484009
131665	1	3957,87561
216950	1	7915,378418
143182	1	13557,97266
124090	1	516,2688904
193615	1	799,4470823
213430	1	0
132125	1	5881,631836
197340	1	5076,64856
184647	1	1325,093262
206436	1	555,2156067
153929	1	838,6536255
162486	1	698,6186828
140919	1	3007,492127
154924	1	1310,46936
189069	1	3881,835572
164674	1	3092,829712
136392	1	366,8710098
166742	1	0
162570	1	723,1349487
177355	2	617,9854431
178695	1	921,812073
131870	1	9380,994143
175439	1	0
151205	1	145,1363984
168311	1	0
127156	1	1615,673218
164119	1	1932,231079
159729	1	2240,995239
126357	1	0
195504	1	3652,730469
178494	1	2509,312683
203332	1	4827,560669
202899	1	1374,802735
130300	1	232,1230774
197594	1	3382,976441
156416	1	0
126696	1	5292,120484
127300	1	382,0769348
160467	1	0
209545	1	1946,230591
128199	1	1593,679139
140630	1	14886,57715
124354	1	4562,26648
195907	1	217,3924256
168099	1	456,3063355
123141	1	330,5616531
153999	1	4412,629394
204936	1	416,0975189
123647	1	6625,03418
185815	1	1941,477173
215053	1	6965,838867
206814	1	5222,125855
203165	1	280,7122193
170536	1	5145,627686
210299	1	1951,263062
212248	2	2502,542908
205099	1	940,2078555
158467	1	655,8612671
171084	1	390,302124
149858	1	6874,366699
164285	1	6620,122559
202542	1	2195,492798
195764	1	68,0940857
192086	1	8378,012693
162967	1	1663,949158
148792	1	3948,532471
195120	1	6188,741455
123736	1	5820,027832
205225	1	1869,177246
164627	1	16050,54492
127896	1	502,1156616
154386	1	589,789856
121690	1	0
179939	1	2476,970765
169709	1	361,681366
133941	1	0
209264	1	233,3635254
136602	1	3722,912842
189952	1	1889,358215
171054	1	0
194862	1	4491,610108
186076	1	2578,330262
156947	2	7095,780762
125408	1	95,20083615
192120	1	3647,368652
141706	1	6293,422119
195097	1	4695,460693
187772	2	9551,075685
137016	1	3357,634277
134442	1	1392,980896
164223	2	3528,751831
143774	1	5638,392334
184458	1	5605,772461
212747	1	0
133796	2	11525,48731
190843	1	2895,737549
213891	1	4362,554078
175222	1	4342,793702
159721	1	859,945953
180526	1	7377,682617
205319	1	4265,02478
103008	1	ANN
209593	1	5752,811645
185724	1	83,84019473
208929	1	949,3063658
140034	1	2279,616211
192526	1	1672,714234
155815	1	612,2017823
136585	1	2411,573547
138721	1	2535,619812
211406	1	1094,27536
200687	1	7841,88135
131810	1	7036,387207
162512	1	6185,53711
125776	1	579,5337524
201959	1	1157,183716
206869	1	3543,906372
149151	1	988,5367125
176730	1	450,5814515
129084	1	936,4168395
125936	1	6286,03418
194648	1	9290,315918
219878	1	7683,58887
191503	1	477,9517823
159198	1	3915,940796
125414	1	1569,326294
145552	1	0
196034	1	654,9241791
151558	1	5298,42041
193112	1	114,5294495
202069	1	915,414093
212493	1	325,0649414
174816	1	163,6738129
172762	1	513,2846375
199442	1	1363,684479
137287	1	619,876648
137618	1	537,2295227
144860	1	2527,818237
124993	1	0
177869	1	18114,8584
168007	1	1866,038453
140170	1	2279,707947
212903	1	287,8713913
136185	1	1436,472839
211647	1	0
188106	1	671,6499023
131928	1	8113,186522
122595	1	718,677887
205937	1	7267,425293
202006	1	115,2712097
209107	1	2832,855652
168863	1	1807,658204
131929	1	1643,97876
121117	1	0
188571	1	758,3571623
190516	1	894,6416017
185358	1	29,93078613
193495	1	149,3651734
140061	1	1681,355347
199716	1	0
167966	1	0
157357	1	8919,445313
154096	1	1406,38797
208623	1	1023,164978
196938	1	4866,816284
209578	1	1436,258423
195172	1	3578,934449
210541	1	0
180416	1	477,3110047
180260	1	2429,862488
194264	1	4206,669068
161541	1	0
135025	1	87,81188963
176940	1	111,5299988
171554	1	797,700714
220144	1	748,3623505
129051	1	923,8873905
173572	1	1327,029877
142385	1	2483,305115
161008	1	1845,738281
144966	1	672,4489746
189886	1	536,9935913
127070	2	2866,394165
152980	1	4473,693604
159738	1	1325,58609
219184	2	951,2452695
196041	1	825,0295718
213934	1	4588,035278
126582	1	1726,152832
216406	1	6234,095948
199642	2	23022,63575
137740	1	274,0411606
182987	1	3001,639343
212544	1	9115,744628
184294	1	583,583313
146842	1	770,8458255
186746	1	10,3092041
135461	1	0
157226	1	7197,599121
185339	1	1047,460328
121961	1	1003,233398
218547	2	8779,09863
191025	1	2692,328247
190508	1	3955,207031
162173	1	1775,948731
126327	1	2076,681152
134768	1	4201,511353
199140	1	0
174025	1	9149,491703
212701	1	1153,401123
148290	1	2312,935181
215083	1	11780,94434
146411	2	6176,745117
197755	1	0
162589	1	875,177307
157727	1	400,0061645
204486	1	878,1622928
171665	1	30122,10938
198544	1	2571,292603
145238	1	3708,274658
189830	1	5927,300903
148799	1	477,3110047
161674	1	1948,188355
193344	1	1724,811035
186391	1	1073,952453
168918	1	2559,796509
182881	1	930,624939
139094	1	1720,401672
174927	1	0
145242	1	259,34729
159290	1	0
125840	1	550,3849182
180968	1	1373,220978
199080	1	1907,829712
191854	1	3934,107422
141593	1	0
168143	1	508,6377869
200894	1	0
142354	1	882,48642
158118	1	662,2398377
150759	1	9817,104495
183117	1	0
195840	1	25,99731446
142437	1	421,6363678
130718	1	2553,045227
146478	1	1767,390381
124933	1	591,8990479
167897	1	0
217522	1	1532,890595
179923	1	1466,486756
146366	1	1069,842041
207876	1	1376,959717
215891	1	251,8369446
149978	1	0
173134	1	251,5720367
141257	1	992,0250548
209904	1	2039,554505
183362	1	1192,556305
126875	1	5149,482056
154028	1	0
167418	2	2887,297302
157898	1	4645,5271
194008	1	2556,858032
158910	1	0
173025	1	1713,783325
169648	1	13035,9668
187591	1	0
170878	1	2455,699768
132667	1	1963,999328
153457	1	6406,265625
164743	1	2342,615479
123579	1	554,1539612
102630	1	ANN
160190	1	255,6342316
211689	1	1123,28064
168843	1	681,5136109
184891	1	2108,891602
206551	1	9836,553225
148235	1	1292,295685
192580	1	0
218473	1	0
186391	1	0
180081	1	0
212511	1	1541,807007
153734	1	1372,764862
185926	1	13,82785034
173069	1	1477,199707
186640	1	1440,827087
214477	1	3,538787842
199870	1	3785,293213
134840	1	1852,167114
188862	1	0
124467	1	670,3170776
154390	1	296,7526245
183984	1	3146,835938
149476	1	15444,79688
154070	NB_CLAIM:1	3471,721802
175609	1	857,468262
121590	1	979,330353
186227	1	2555,572632
152944	1	200,1470948
142396	1	1879,457703
155763	1	5291,886841
190649	1	1776,31897
181801	1	2280,691955
200682	1	499,3325043
138735	1	714,311966
215792	1	2698,701416
172467	1	6212,932617
196432	1	2045,533448
197394	1	11259,70019
142975	1	4821,666504
134944	1	1280,998901
123318	1	1689,394409
191618	1	131,1566162
138599	1	982,3025205
188953	1	2501,264648
171224	1	3831,577515
147980	1	10818,92871
125669	1	0
124899	1	5769,372436
152988	1	2563,874451
146075	1	14398,54102
143884	1	254,9020844
124706	1	10154,0669
121125	1	2428,992554
219628	1	4005,736451
199732	1	4230,928711
156520	1	1979,754455
140296	1	11175,17725
131626	1	3926,505982
173903	1	3729,37207
124524	1	801,4817505
153755	NB_CLAIM:1	276,9712601
147003	2	1323,132019
183359	1	2943,098694
137218	1	6227,091065
178291	1	1044,212219
200038	1	1053,097961
203378	1	20,1477356
207624	1	0
147154	1	16885,98194
184995	1	1519,036743
213734	1	531,6507568
169372	1	105,3808594
218180	1	507,2098389
193854	1	377,9829254
209438	1	569,653656
198653	1	4483,687134
202440	1	61,88195801
164136	1	3496,307007
152252	1	1108,70398
192914	1	3730,262329
135362	1	837,6082763
212750	1	0
199538	1	1904,953308
164366	1	0
194917	1	12460,4458
208695	1	7317,587402
170168	1	1118,320953
218217	1	6508,293457
175199	1	0
213186	1	0
111861	1	ANN
210285	1	2637,820495
143148	1	759,773529
128194	1	606,763916
166351	2	14810,56348
173343	1	863,4730223
192453	1	0
175412	1	4147,758911
151805	1	502,5751648
149461	1	2451,866455
213556	3	2757,09137
141029	1	1930,552918
150065	1	578,6399231
166751	1	4175,026978
123012	1	640,6691894
210234	1	2183,598083
195403	1	6409,722656
189832	1	973,6143495
156461	2	15847,70215
152030	1	287,6977157
128554	1	0
191732	1	360,4537811
209699	1	0
142070	1	497,3020019
219598	1	0
122512	1	24217,40186
153291	1	0
177037	1	13814,35254
173061	1	2165,819275
174860	1	2532,110596
197264	1	210,0209656
190469	1	839,3043825
157352	1	3025,227722
172688	1	3440,798218
213020	1	4946,560181
121149	1	1617,617066
160795	1	2199,503723
184075	1	0
190662	1	3113,948731
172535	1	2355,178345
139171	1	3297,56836
157513	1	0
201121	1	9519,757328
185934	1	412,1932526
159376	1	2184,107666
187879	1	81,58602907
134612	1	1970,696045
130145	1	4186,828858
142152	1	257,2404785
185422	1	1962,678955
151744	1	2728,447266
116548	1	ANN
174161	1	1028,008484
143777	1	308,3318482
189369	1	477,9543457
140156	1	1976,941772
165819	2	755,4135135
193838	1	20220,79688
198675	1	900,390381
175042	1	18908,07422
130278	1	178,9419861
133126	1	650,034668
171560	1	2628,310364
212573	1	5208,277954
173835	1	1415,814056
149227	1	675,5564117
151466	1	5325,429566
181337	1	3652,282105
122853	1	0
208920	1	1258,350677
130353	1	3563,195801
158456	1	3686,613281
216785	1	185,6297837
135540	2	3714,279053
124650	2	8071,719728
150874	1	647,0962372
173367	1	810,5259705
145935	1	322,4965668
149907	1	4532,358398
149691	1	185,8289795
193560	1	3953,787232
128816	1	1819,381897
133327	1	380,6130295
214064	1	0
199211	1	989,2922055
153599	1	335,1032181
173368	1	2665,044251
183019	1	0
123519	1	3756,661011
167762	1	2476,135803
176780	1	3419,534546
174334	1	339,8798218
153754	1	981,58374
191243	1	0
133984	1	0
162204	1	287,5644836
215140	1	1450,878662
203361	1	3161,902588
220244	1	1479,681794
216709	1	3455,189942
136424	1	3879,952515
188629	NB_CLAIM:1	2867,222351
123853	1	4102,190918
126378	1	3834,03186
209687	1	2687,519165
154226	NB_CLAIM:1	2446,523987
169976	1	0
203758	1	4033,480591
128672	1	3015,298829
188434	1	564,2601929
216805	1	210,7926636
123084	1	2247,906372
198297	1	724,1629028
174126	1	3870,092285
136050	1	0
140748	1	9218,061038
216663	1	248,6705017
198575	1	1352,634521
218144	1	2056,820069
154175	1	0
149395	1	2731,428955
160563	1	4522,390503
145302	1	1200,691406
219789	1	526,2079925
168039	1	11010,6211
206676	1	1415,53656
163463	1	1685,541321
219898	1	0
177809	1	383,3649902
207751	1	694,6837463
133123	1	5064,828369
142766	2	1510,055695
181025	1	3541,355347
199339	1	2310,24646
216663	1	0
195615	1	2432,347961
184747	1	11784,55811
205417	1	414,1124267
127772	1	969,9051818
201440	1	2458,976258
172710	2	6017,68103
137320	1	2958,995911
126703	1	1443,054016
196098	1	3494,380005
161043	NB_CLAIM:1	315,1593017
159392	1	0
167628	1	2502,213318
182308	1	1353,663025
145630	1	3588,745239
194834	1	1761,458679
205990	1	13656,38233
204774	1	262,0153199
218040	1	31,21490479
153361	1	2303,479614
190719	1	617,5674133
208244	1	581,5276795
188225	1	0
202221	1	3455,178955
199846	1	978,466644
143159	1	266,2304993
156621	1	4141,208862
127134	1	25528,10156
150508	2	613,5835877
178769	1	12757,07813
127026	1	485,5545959
177335	1	905,2286685
138065	1	607,888916
208716	1	3423,52478
207241	1	3790,559327
214984	1	1281,388092
214676	1	9878,083005
134746	1	89,56585695
145666	1	3848,39795
124990	1	786,3325192
174018	1	2589,643982
184353	1	4850,098755
186719	1	4995,054566
189001	1	2958,047058
196080	1	2217,346436
118513	1	ANN
131387	1	3587,283326
165332	1	293,5634308
180222	1	10549,99952
144937	1	279,9909668
135847	1	2792,660889
209055	1	2713,644836
132429	1	1027,705445
158293	1	0
186871	1	2892,604065
169167	1	194,2876969
183328	1	6911,208985
159275	2	6761,040527
152651	1	634,4471741
141452	1	2411,162842
217762	1	655,5002747
125631	1	18452,05811
163481	1	2296,003235
177290	1	1503,227692
161980	2	414,9243164
189165	1	3348,197754
177064	1	1572,006226
168416	1	239,1768494
200564	1	0
147244	1	51,94134521
171588	1	7089,878906
188524	1	1075,93982
215069	1	121,4935455
198728	1	5456,946899
149788	1	5352,780762
130624	1	1777,086731
209916	1	2814,994995
143829	1	5407,191284
148198	1	611,9578858
172211	1	242,2944947
109140	1	ANN
176546	1	2650,75415
153036	1	606,5608063
145644	1	113,941761
160622	1	2364,660461
151662	1	3081,198486
188841	1	1968,20874
176580	1	541,2121124
177699	1	16280,28369
167663	1	7262,813965
175198	1	5292,574585
153696	1	0
220485	1	0
163036	1	2580,482299
202350	1	22,26942444
177309	1	10216,42529
160007	1	212,6347961
126797	1	946,5498045
195110	3	4058,138672
136430	1	1892,905884
126109	1	1181,96695
181179	1	1213,926636
132189	1	687,0356598
115729	1	ANN
179853	1	827,5744628
152536	1	0
168399	1	8735,61621
177808	1	2328,65918
147447	1	753,3990322
208904	1	3581,820557
199763	1	749,0269775
185613	1	8574,908205
199711	1	5821,308838
179789	1	1548,035156
146377	1	2604,760986
175215	1	32345,15039
197295	1	3512,552124
124056	1	6459,183106
187957	2	9973,480958
121934	1	3159,763916
207301	NB_CLAIM:1	5773,948975
218510	1	7680,950685
164371	1	3820,408081
209202	1	3923,829346
149261	1	471,5101319
164673	1	264,8692016
141097	1	705,6289215
216876	1	10114,86914
166798	1	3007,913819
201120	1	218,2315979
185559	1	9815,20752
217490	1	410,5282288
193806	1	0
127349	1	237,3296585
144827	1	126,6798935
161110	1	0
175890	1	774,7465208
125994	1	5598,086792
138570	1	3471,811157
193831	1	0
140614	1	92,64985658
137459	1	961,2558285
159226	1	1705,837646
188813	1	2106,115173
133747	1	1169,624451
155622	1	2185,27246
160621	1	6267,459961
166439	1	0
194007	1	3122,979492
197819	1	2668,387574
127946	1	755,8043063
209677	1	9174,618165
196774	1	5515,667725
186562	1	0
159977	1	1465,715057
186051	1	1688,556152
145850	1	686,9954224
208091	1	1771,276978
202662	1	1724,373962
211109	1	1387,835541
208483	1	0
142659	1	2556,673829
153189	1	4861,175171
208194	1	3623,765625
140453	1	3033,615051
130278	1	0
180311	1	2991,309449
157936	1	5304,647095
138794	1	1653,423706
192494	1	560,1770325
133182	1	14643,854
216986	1	6316,482422
156039	1	1514,034118
121112	1	1116,960938
196399	1	2055,311096
166676	1	368,2030106
156199	1	962,1688845
132271	1	1727,515503
161504	3	4029,357056
196029	1	1916,98407
126839	1	4438,807984
150738	1	817,1480715
218020	1	730,6182861
188573	1	0
192194	1	23986,7666
117790	1	ANN
212242	1	346,8354721
140787	2	7985,408205
207074	1	2134,166565
191126	1	2091,458679
127118	1	1413,298462
183406	1	421,2641602
191608	1	982,5091553
196394	1	0
178662	1	10344,49365
141812	1	2891,119812
200288	1	5380,588257
167262	1	3058,023743
121894	1	6299,132813
190592	1	349,1222992
142696	1	2992,514831
170266	1	849,5609438
206832	1	0
141841	1	4470,952515
122805	1	1963,355347
132757	1	13378,44287
159482	1	1781,882995
177115	1	2671,219849
169698	1	548,6022491
196371	1	595,0950165
195917	1	745,1955872
185068	1	276,4529114
145073	1	2289,901245
173922	1	8580,164063
122621	1	358,1500855
183677	1	71,40124512
176728	1	5681,434204
186415	1	2632,489014
144638	1	3219,627686
160085	1	1231,936523
166912	1	603,9139709
130045	1	9228,74121
219299	1	6602,242676
191525	1	0
161748	1	14517,71045
128279	1	6205,100098
128361	1	4582,299317
190003	1	1043,333222
172870	1	4273,191284
169441	2	1479,569366
217136	1	119,5200806
163684	1	1379,03595
178240	1	1440,34607
220365	1	1639,177735
211184	1	6508,823731
180658	1	3381,483398
195988	2	7207,425293
139020	1	0
211973	1	2173,282105
169545	1	0
125421	1	720,517273
159195	1	2215,228271
132318	1	387,9083405
172324	1	4739,936279
192696	1	5224,727417
146641	1	4260,390747
135332	1	1656,547119
212791	2	1927,864014
177039	1	3991,155395
208984	1	1698,886963
131216	1	12210,97656
172381	1	321,7051621
137840	1	1205,51532
171167	1	460,4765625
137246	1	12416,32178
145522	1	4301,641846
150271	1	20214,34571
128265	1	3097,342529
183847	1	5269,739136
214793	2	3371,265747
217035	1	3359,910644
137149	1	539,5096436
134618	1	1199,983887
150515	1	1335,359894
159996	2	3920,718384
146089	1	9990,288578
166916	1	0
165223	1	0
218507	1	4367,990479
201287	1	3296,841064
207648	1	1580,841797
173004	1	56,54372406
140642	1	401,6780548
205868	1	5500,755249
202529	1	69,88453674
200433	1	259,7002259
146986	1	682,6181946
130646	1	3920,010864
147914	1	616,449646
166314	1	3347,080079
146993	1	36,76535797
127822	1	5126,730103
138863	1	408,615326
129850	1	599,769104
194136	1	0
173120	1	1888,131043
187361	1	0
215700	1	2100,11792
132486	1	18,69970675
164222	1	990,405762
169986	1	547,3042145
193616	2	2361,997193
186383	1	253,4433746
125939	1	3225,232544
191450	1	5541,023072
196410	1	2915,932984
215875	1	1186,768982
138595	1	20068,25098
146468	1	0
198149	1	0
199779	1	4773,84961
147841	1	3309,70459
135721	1	0
207972	1	0
134714	1	1242,129455
149113	1	449,8003235
216751	1	10201,90283
132417	1	532,1166687
199712	1	960,8527223
149999	1	5762,564455
190271	1	681,128357
210089	1	4158,334717
201975	1	994,651245
189675	1	13817,94873
155095	1	2660,361145
121176	1	0
188018	1	513,5531616
163272	1	952,2160035
141559	1	0
136252	1	883,4523008
127055	1	14629,84423
175316	1	0
132252	1	717,0627137
139710	1	3404,080811
129219	1	1172,137757
220686	1	269,9706115
201264	1	1660,494507
217967	1	306,5408936
132650	1	1001,821289
209660	1	4656,797974
207625	1	9,332794193
203412	1	138,4692536
122187	1	0
200157	1	376,6615448
107106	1	ANN
147071	1	300,8392181
147272	1	154,4024048
212118	1	0
172617	1	1498,17334
186707	1	909,4064025
150836	1	960,9423525
185043	1	3995,354736
135812	1	2841,01648
193450	1	320,565239
198089	1	116,0194703
210221	1	1137,765564
161578	1	518,8248596
142630	1	6358,311035
184092	1	9687,97119
206280	1	0
165372	1	2727,135132
172380	1	17549,38916
177049	1	214,6898346
134307	1	769,41687
191805	1	0
123544	NB_CLAIM:1	6625,205566
210365	1	511,7742005
190174	1	3265,543213
203388	1	732,2796936
216824	1	2560,087463
189513	1	1749,385803
170117	1	11140,33301
135972	1	6068,771485
199914	1	35083,27442
130464	1	2410,656006
162107	1	293,2112732
145051	1	1164,509216
185617	1	11,05645752
136226	2	4509,092651
208354	1	285,658905
178797	1	1010,875488
161623	1	2332,229736
197346	1	1760,77826
126499	1	8126,460938
134313	1	0
211449	1	7329,411621
148838	1	4286,280029
183354	1	10720,44727
161796	2	6459,848144
163856	1	11955,03077
173172	1	402,7007904
177110	1	4101,806396
131708	1	14541,25781
217063	1	177,1591874
174397	1	757,7925113
150920	1	4482,293702
172258	1	763,3766783
152937	1	11220,73242
219402	1	692,4148407
144802	1	0
212154	1	11343,84229
189544	1	3281,644409
140069	1	2340,445862
216692	2	6455,049316
209474	1	9858,210938
175806	2	3895,826294
214780	1	53,26135254
219324	1	1309,358002
163942	1	23,99441528
198009	1	0
159810	1	21106,19678
198602	2	3801,387817
188317	1	1130,77771
205771	1	6390,823242
205682	1	9862,920413
165714	1	1485,579163
154662	1	285,382782
209959	1	0
209244	1	2114,72168
166874	1	2365,892945
128962	1	2083,884888
191798	1	0
219526	1	1766,572082
172541	1	1120,710846
181271	1	1738,206482
131620	1	1917,611756
211802	1	1060,039124
171997	1	1905,235108
161925	1	10719,55225
150626	1	324,6694336
144139	1	0
185214	1	228,0444947
199086	1	1338,828735
137437	1	244,864563
200118	1	248,0993042
128104	1	559,6940918
195667	1	784,4414063
205244	1	2338,122986
206131	1	14149,07519
207523	1	597,3821411
175212	1	916,5444945
212866	1	1920,886414
136605	1	3818,684692
150339	1	0
121827	1	6175,520505
217182	1	1145,747955
123380	1	254,1212768
196309	1	884,3605958
147981	1	211,09124
169971	1	402,4062653
168643	1	408,6837158
183309	1	30824,29102
197084	1	1638,667603
184272	1	874,0634767
141631	1	987,23703
176047	1	955,024017
182397	1	310,3616639
198049	1	2217,419861
187252	1	5445,733887
213648	1	1762,713684
199702	1	4263,652954
183921	1	0
168969	1	389,5325318
158170	1	1123,033081
147864	1	12930,9126
137432	1	0
186764	1	7642,812015
177082	1	54094,7168
136307	1	7665,336915
145828	1	3833,87439
145386	1	1707,642334
207266	1	1298,232605
210696	1	5075,920898
151841	1	1258,985138
149857	1	1933,296387
141021	1	941,755554
159636	1	2824,582214
170979	1	0
205192	1	4706,470826
211580	1	12141,66358
211229	1	12980,12402
208735	1	19159,50879
215297	1	2157,203613
167008	1	1071,716583
181761	1	154,4685059
178737	1	2890,784912
130363	1	1525,583862
179419	1	417,5944519
160990	1	20,65370178
125878	1	31998,22266
216612	1	1674,039368
185586	1	0
214195	1	2823,11737
169602	1	10895,30127
153579	1	1586,537842
215912	1	177,2050781
155951	1	3518,320678
124826	1	24288,51416
205523	1	272,2041321
124297	1	683,124939
197657	1	4345,82666
144083	1	0
134619	1	2547,923767
139219	1	4522,753052
170338	1	4726,195313
149291	1	2985,538514
121602	1	278,1021194
152869	1	3903,485962
182314	1	2683,223877
142126	1	0
124707	2	9440,909183
130315	1	1043,907349
155465	1	0
217714	1	4029,817383
215171	1	2974,4729
210767	1	2955,735352
179328	1	1519,090118
136667	1	0
217250	1	75,84805298
197519	1	0
135542	1	3735,479004
122680	1	942,711456
132670	1	615,1845704
209071	1	1937,448486
216013	1	1292,279114
148564	1	5342,446655
179516	1	9098,38623
144093	1	1098,86966
152223	1	17330,01709
197549	1	1638,863891
192995	1	634,6691894
185542	1	2815,185791
216335	1	5291,804443
180483	1	9469,110353
193025	1	0
195963	1	0
153822	1	12,81150055
180479	1	3115,346558
202582	2	1407,593262
169657	1	8610,269535
166255	1	644,0509643
175792	1	282,4676514
204836	1	3655,095703
152885	1	510,8994141
185296	1	0
159896	1	1895,674988
212439	1	99,0207825
175318	1	3122,534912
199833	1	606,9834595
210843	1	3894,213501
188296	1	3326,961182
189851	2	1399,146149
177289	1	2278,937256
204797	1	0
143471	1	449,181427
146054	1	694,0202179
196573	1	902,825592
200549	1	104074,8867
190500	1	1097,139679
178465	1	585,9462891
121991	1	4817,260986
180853	1	6114,017578
219552	1	629,6812134
210128	1	0
142391	1	1078,653443
215784	1	20276,04346
139238	1	760,510071
130156	1	2812,65271
207464	1	3210,290039
186120	2	3557,159546
156906	1	0
167643	1	4100,689087
215003	1	6582,027832
207066	1	0
124182	1	2677,086365
114934	1	ANN
130683	1	2011,551636
189254	1	0
125325	1	9961,77246
205988	1	222,2526856
149490	1	1328,289276
127665	1	6859,026856
196524	1	3716,943237
187368	1	5100,171753
146769	1	2228,615296
161089	1	143,7921753
169927	1	800,8826295
143667	1	3926,238647
207578	1	750,2875672
178113	1	3211,019531
126296	1	3871,146973
139641	1	2538,008789
166928	2	8389,204103
181742	1	3832,55603
197855	1	1421,513764
139663	NB_CLAIM:1	3824,804444
136854	1	1082,442444
184269	2	5776,649048
124229	2	2008,976807
194906	1	5540,005371
203004	1	69,97650146
191296	1	603,4580383
144399	1	511,6091309
217686	1	21455,72168
207325	1	0
204223	1	3754,183228
208987	1	0
207364	1	2792,474121
121861	2	22463,5708
135888	1	449,9536743
207721	1	3200,20166
167521	1	937,2531735
205602	1	6163,901367
204117	2	9167,04639
201436	1	3702,837524
134323	1	514,4128418
135747	2	7788,124515
129718	1	4586,95459
137652	1	6104,68689
195914	1	0
176652	1	7564,492673
201245	1	771,6631163
149785	1	3492,539428
173372	1	0
195504	1	0
142876	1	1962,106934
195462	1	0
163752	1	323,8427582
136792	1	3435,031494
189356	1	1109,856445
153170	1	437,8115845
181876	1	2701,294007
139892	1	666,0508118
161643	1	88,47903443
203977	1	2192,081909
192161	1	1028,776428
169296	1	300,5843582
175349	1	541,0202637
217358	1	0
197144	1	1281,593628
206318	1	1620,086609
141002	1	2304,375366
137173	1	2547,028748
171619	1	0
137201	1	840,3997192
218255	1	1954,064392
123251	1	709,0187988
164125	1	6324,855469
129634	1	0
141217	1	2052,0542
119671	1	ANN
177772	1	81,74402618
161262	1	391,3285217
212023	1	1410,609375
123258	1	2285,423401
183075	1	3949,153565
176101	1	281,9442444
165957	1	2103,268067
211617	1	0
186566	1	2362,803955
141791	1	3352,111451
167563	1	8140,060545
152155	1	69,87835694
190503	1	419,786087
128558	1	3785,226928
145715	1	8633,0625
200098	1	481,6405334
208527	1	1971,035705
161000	1	0
171763	NB_CLAIM:1	27958,9043
136537	1	1808,28186
177436	1	0
148112	1	0
156753	1	4660,464478
160077	1	177,2815018
124518	1	585,736084
182790	1	1163,491516
182087	1	7148,926758
217397	1	2137,978638
215156	1	0
208462	1	2750,801147
186883	1	3890,673706
199622	1	0
131191	1	13447,47656
213321	1	3745,697754
171403	1	4064,527222
178010	1	238,9760742
137964	1	12931,91016
121870	1	259,7555237
148887	1	97,27258298
182423	1	6823,461914
188585	1	719,3668213
135551	NB_CLAIM:1	1428,548584
123785	1	2803,534241
175686	1	2293,066223
181437	1	2752,695191
135167	1	3011,034302
174193	1	4067,442993
194398	1	2275,643372
133167	1	2156,285889
133604	1	6551,157715
126631	1	1954,573731
209877	1	0
153685	1	7657,445798
130029	1	855,598389
205540	2	1417,000305
138830	1	10074,72363
155436	1	4654,294189
153089	1	4208,400513
131378	1	2861,5979
204781	1	353,6056824
148601	1	2732,840149
213261	1	3216,702026
162677	1	233,4091187
212620	1	2637,917908
212007	1	0
143681	1	3545,55835
134822	1	3510,407959
189353	1	3134,537842
190580	1	13596,61231
213727	1	0
203908	1	3446,630493
198060	1	0
126420	1	303,7216187
197864	1	5175,539428
200378	1	0
179559	1	5280,86023
155631	1	3425,174195
172171	1	2824,609863
158776	1	19663,12646
198149	1	315,175232
186994	1	5927,470826
140718	1	3429,280517
154802	1	2083,243286
145175	1	457,1537018
127264	1	1793,563843
164570	1	9930,837893
184848	1	1104,342316
142052	1	2341,976807
211430	1	1380,950135
136993	1	3057,55719
203901	1	765,2305298
197572	1	2699,730469
191299	1	1959,817566
197790	1	421,1671142
160382	2	8281,520505
182147	1	5694,917725
163697	1	4873,466309
128465	1	502,0092773
215278	1	696,4535065
182984	1	399,1711578
190170	1	2810,208435
123648	1	444,6776734
141132	1	2265,284912
137939	2	2763,434693
175920	1	39,44915771
183588	3	4273,823731
143833	1	2799,595459
149963	1	1925,678467
200863	1	2397,084961
121368	1	52879,31836
197182	1	271,3553467
190922	1	657,6004944
138946	1	3983,911011
190353	1	929,700165
213031	1	17548,17334
190161	1	432,8978577
154453	1	23549,85498
148921	2	2616,580079
141698	1	425,6752625
165935	1	1778,390991
218660	1	2267,035217
179546	1	1642,764038
206330	1	0
194123	1	1956,861877
155622	1	0
143942	1	363,5222168
171835	1	1930,849182
205486	1	104,0837746
213880	1	0
214683	1	861,2061765
166427	2	2827,716614
157311	1	1539,787354
162835	1	1577,183716
175102	1	1123,643921
214220	1	2774,522461
169508	1	749,1678772
220136	1	8970,372068
127439	1	373,2477722
219885	1	2046,821594
126719	1	355,0601807
183356	1	2925,156189
167353	1	2548,059449
124699	2	7287,38086
172298	1	2253,535217
187049	1	2649,244079
148194	1	2442,161133
175502	1	488,1465454
214877	1	4508,847656
166049	1	2889,831299
205205	1	334,3858337
173549	1	2483,682129
185204	1	1364,03476
121343	1	2288,659607
177454	1	1018,824829
122439	1	1822,083618
123531	1	4627,642823
205185	1	1221,956452
154194	1	0
172210	1	515,7572021
185342	1	0
174936	1	208,1605682
195469	1	4531,023559
213089	1	430,9898987
149501	1	1228,448273
182551	1	2632,683289
142700	1	671,8176269
195446	1	5113,964722
166460	1	558,3344422
157778	1	2680,6875
202327	1	4002,981079
189039	1	2791,927735
179631	1	54,12220001
171962	1	1248,186951
155456	1	4432,055786
130533	1	5190,57605
200850	1	1283,86615
202386	1	0
184800	1	2602,250427
178096	1	9120,697268
202572	1	6961,542481
203211	1	894,4415588
166417	1	0
184178	1	5101,774292
193901	1	0
208038	1	297,1549073
170603	1	373,5075531
208979	1	782,314545
145501	1	1451,734497
157482	1	2449,109802
201725	1	3122,051514
163251	1	8609,994143
149131	1	75,77346038
165059	1	6001,290893
173303	1	0
154138	1	1241,908631
172979	1	753,0031125
138584	1	2210,528504
198291	1	4589,689453
205477	1	434,498291
173724	1	1462,636963
141501	1	1325,34787
156354	1	5969,412964
145488	1	2082,010437
138920	1	2258,616394
156030	1	4324,841309
176929	1	3632,145264
141277	1	1021,311584
144403	1	5731,381348
171966	1	2118,274292
193128	1	0
161618	1	0
199908	1	3473,69751
116687	1	ANN
124791	1	614,8463745
138235	1	1750,993652
139183	2	2039,637268
187838	1	1923,726745
125065	1	4699,023193
205533	1	9657,688478
190930	1	4193,451416
155328	1	1048,515107
139194	1	1393,242005
208216	1	0
156090	1	0
173034	1	2302,185608
126210	1	54239,8418
133959	1	62,06861114
200012	1	4417,720459
176289	1	3359,663453
136279	1	2185,751587
144650	1	38405,48438
182271	1	2247,813355
142796	2	13823,54883
217044	1	3323,072754
137079	1	74,44638062
197387	1	245,1592255
141634	1	0
200524	1	5326,628906
151714	1	571,5913696
181541	1	4337,917603
182045	1	18944,37598
124871	1	433,0892945
161064	1	54301,71094
184959	1	11519,71875
151618	1	902,6424863
132486	1	0
209378	1	1274,550476
150188	1	2505,872498
210937	1	3096,003662
139193	1	2628,892456
164814	1	118,6252899
193801	1	477,3110047
186134	1	31,62707519
194594	1	2687,00061
122607	1	1384,433258
176016	1	279,6997375
214650	1	7676,02881
157413	1	996,733887
165129	1	11838,24463
160592	1	0
135514	1	9102,342773
149485	1	1003,610596
176536	1	0
197766	1	692,3199463
185444	2	4694,296875
131986	1	1095,421875
209011	1	2962,431335
184859	1	0,770278931
187115	2	7495,270019
164968	1	2707,819519
162773	1	2087,799317
200554	2	4193,425048
151459	1	0
165015	1	1339,808075
142502	1	0
130308	1	240,9019775
144193	1	346,1325989
160177	1	257,4584656
187774	1	81,4849548
199307	1	2898,76593
148730	1	1720,455688
133938	1	509,1964417
130666	1	32628,32519
144687	1	4734,185669
176597	1	0
161662	1	11018,54736
181769	1	0
198335	1	312,6368408
151040	1	16866,03809
193955	1	317,9071655
151688	1	298,1228027
185642	1	38321,54004
167221	1	199,6259766
161266	2	9657,742672
199884	1	2601,987305
145166	1	112,5070953
219253	1	1243,414673
216707	1	807,8136293
181259	1	340,6347656
190800	1	745,2219544
155262	1	29011,64063
153915	1	210,0076904
197908	1	3425,969238
190090	1	917,3034668
212123	1	1864,743164
193024	1	1418,308594
144038	1	1727,203125
214230	1	539,5591736
132158	1	13068,74707
164795	1	2973,487427
147829	1	0
200815	1	3719,803711
213159	1	1086,429108
169331	1	2557,555298
147750	1	495,1827392
189973	1	7372,063477
170043	1	3380,999634
157725	1	27668,82715
126712	1	5483,985718
152901	1	555,9028931
182485	1	5756,280762
189105	1	113,5310211
205075	1	418,888916
161830	1	2266,812012
158947	1	299,3047485
156905	1	665,5280765
176975	1	2261,925293
173119	1	94,97378543
146640	1	3594,054932
155525	1	275,7429657
164395	1	174,6491089
144158	1	3334,809449
173408	1	0
211175	1	3265,705811
211722	1	0
187059	1	0
199863	1	397,4063873
178274	1	1070,992218
150341	1	0
126748	1	3624,146851
164764	1	6424,278809
126255	1	1695,747802
199039	1	1394,203216
216234	1	3244,144043
139212	1	1616,139953
189712	1	2685,34021
154228	1	2711,805725
164077	1	1791,514892
165906	1	2750,097839
187919	1	2893,650146
220083	1	6574,45166
128207	1	4021,114746
136655	1	445,180481
129590	1	0
152068	1	2157,559388
209999	1	0
162345	1	3902,210816
187022	1	827,172363
179273	1	1043,194886
131130	1	923,79657
212051	1	269,9568787
170213	1	706,5097046
158501	1	4058,76709
147933	1	607,097992
156852	1	1715,983337
216369	1	863,84079
220510	1	448,8692322
184666	1	533,9615021
218667	1	184,3506546
103285	1	ANN
182203	1	1290,500794
143873	1	3942,43396
186669	1	187,335022
186703	1	6557,20459
149025	1	599,1558838
206255	1	1253,634521
156214	1	0
156177	1	3513,796875
155835	1	238,6365509
136208	1	1092,473603
105861	1	ANN
180580	1	477,3110047
110290	1	ANN
218494	1	1260,599304
167372	1	16613,54297
214560	1	183,3489075
215948	1	2,598083496
155267	1	2371,494507
185553	1	1666,010559
167984	1	8604,073245
190351	1	1517,986542
141062	2	2979,561584
219767	1	3295,105591
172366	1	1419,609375
166618	1	5906,19104
182373	2	10921,2876
150752	1	11892,25048
176308	1	1563,115723
218347	1	757,7101133
124836	1	1262,785766
212019	1	1013,070008
125148	1	0
168859	1	4627,94751
184470	1	2229,668702
161633	1	1495,773468
164752	1	4821,360352
131884	1	1578,428101
184866	2	2406,686096
154697	1	818,265564
178723	1	5942,496094
148124	1	2387,676636
170454	1	4215,320434
212196	1	5685,970459
212355	1	4546,222412
135635	1	261,4336853
198058	1	0
175009	1	3159,302124
144466	1	2141,851685
140669	1	2244,401184
189181	1	3178,636597
144221	1	1845,908386
134672	1	1691,051697
198330	1	3637,881592
165250	1	601,7707214
164833	1	293,9785766
184736	1	256,2385025
147665	1	3477,630982
165794	2	7023,320801
194153	1	0
122275	1	1919,316284
188290	1	1635,120484
176388	1	1067,236359
122861	1	3679,067505
199237	1	4547,681763
181286	1	10560,31348
159997	1	268,4307404
130415	1	1556,530517
151443	1	587,8134155
129052	1	393,4274597
170797	1	7026,353027
113174	1	ANN
136376	1	1792,650146
212856	1	701,2159424
214705	1	23737,54102
168067	1	4653,168457
138123	1	3138,714844
216316	1	1241,987732
212914	1	1353,662659
129874	NB_CLAIM:1	76,82409668
176736	1	824,3038327
147734	1	44682,22559
134349	2	418,7895813
130034	1	255,3120117
125453	1	7902,021975
205161	1	2667,931641
213018	1	634,3207397
149555	1	1032,666047
140539	1	3623,625366
205516	1	2560,784363
180629	1	937,1514585
210487	1	1104,641693
211137	1	5221,43811
184832	1	5391,279053
124762	1	2571,354492
149162	1	382,2714844
159385	1	1513,126831
175688	2	375,6025544
156487	1	3582,328125
199599	1	13735,37842
219203	1	0
151845	1	4051,558594
180408	1	2888,669861
205892	1	3855,684815
172499	1	1755,050537
172111	1	3194,232056
207206	1	3556,184692
175241	2	6416,748047
155314	1	98,90167238
121913	1	593,6777344
180150	1	1719,795044
200529	1	6782,507813
178250	1	878,9390258
172885	3	2172,145386
153470	2	2912,593506
207723	1	0
205642	1	8063,24121
201818	1	1873,382813
192257	2	13619,74804
130571	1	2864,034851
151987	1	1039,227356
204433	1	0
151051	1	3695,232056
207917	1	700,5439911
132175	1	2231,29834
151627	1	740,315506
179496	1	1550,247071
196192	1	282,6828919
180663	1	0
174125	2	23159,26319
188880	1	5129,765259
141085	1	1922,323059
127162	1	2695,278992
138948	1	78,45565793
185674	2	4518,990235
126049	1	0
199324	1	185,4483032
122435	1	1363,199982
145557	1	5357,25586
122099	1	2365,541382
147336	1	3678,529541
121208	1	3403,983765
140542	1	9130,400393
190326	1	2149,144043
192170	1	3051,947021
153683	1	3495,508301
155753	1	1417,807068
206976	1	494,8675232
183871	1	893,0804445
188708	1	495,0764923
141499	1	295,8835144
203685	1	10627,90869
187023	1	3722,312988
195023	1	1432,385834
204036	2	12198,78809
142049	1	22693,75049
151801	1	482,7641602
215617	1	3097,106689
126934	1	581,4190063
171783	1	0
189849	1	1873,265625
205844	1	0
193431	1	271,5469666
175799	1	24099,83496
200292	1	510,1130676
152642	1	2631,696167
220210	1	4308,874145
200607	2	13594,91309
134118	1	204,0674744
198123	1	171,0992088
217053	1	2750,577576
135353	1	9639,692873
160737	1	6587,29834
127560	1	6420,074707
188041	1	14,97344971
204502	1	8088,114255
206474	1	228,1887818
143407	1	100,1909294
167700	1	616,9974976
181404	1	0
136434	1	3178,58606
179800	1	2246,962646
177966	1	2965,168396
157705	1	2974,339417
162026	1	6827,304199
179965	1	2742,276123
162569	1	0
160119	1	352,8435974
177616	1	26,51259613
146559	1	3590,983887
179061	1	0
150161	1	1317,445038
124342	1	2387,698609
216173	1	1263,712646
158896	1	445,0542297
218008	1	2551,988525
162661	1	1555,061828
139490	1	4245,360718
209738	1	253,6217194
183899	2	30505,9834
197742	1	5321,733398
187118	1	3448,736206
194422	1	3040,041687
136322	1	7136,926758
133309	1	5236,946411
177825	1	5257,244018
187358	1	5970,061157
168566	1	4178,794556
151693	1	0
165434	1	123,0088463
188063	1	2184,356141
123963	1	457,4082641
121128	1	1415,609162
168542	1	2318,299988
169979	1	1540,520874
182877	1	0
193635	2	0
155560	1	3793,003052
216573	1	3891,590699
181390	1	3507,032593
125458	1	0
185300	1	484,9214172
175683	1	0
215717	1	6034,40625
